 101     30.987     36.278      8.193
 102     31.313     36.009      8.459
 103     31.640     35.739      8.725
 104     31.967     35.470      8.991
 105     32.293     35.201      9.257
 106     32.620     34.931      9.523
 107     32.947     34.663      9.790
 108     33.274     34.394     10.057
 109     33.600     34.126     10.324
 110     33.927     33.858     10.591
 111     34.253     33.589     10.859
 112     34.579     33.321     11.127
 113     34.905     33.052     11.395
 114     35.231     32.784     11.663
 115     35.556     32.516     11.932
 116     35.882     32.248     12.201
 117     36.207     31.980     12.469
 118     36.532     31.712     12.738
 119     36.857     31.444     13.008
 120     37.182     31.176     13.277
 121     37.507     30.908     13.547
 122     37.831     30.641     13.817
 123     38.155     30.372     14.087
 124     38.480     30.104     14.358
 125     38.804     29.837     14.628
 126     39.127     29.570     14.899
 127     39.451     29.302     15.171
 128     39.775     29.034     15.442
 129     40.099     28.767     15.714
 130     40.422     28.500     15.986
 131     40.745     28.233     16.259
 132     41.069     27.966     16.531
 133     41.392     27.699     16.804
 134     41.715     27.432     17.077
 135     42.037     27.165     17.350
 136     42.360     26.898     17.623
 137     42.682     26.632     17.897
 138     43.005     26.366     18.171
 139     43.327     26.100     18.446
 140     43.650     25.834     18.721
 141     43.972     25.569     18.996
 142     44.294     25.303     19.271
 143     44.616     25.037     19.546
 144     44.938     24.772     19.821
 145     45.259     24.506     20.098
 146     45.579     24.240     20.373
 147     45.900     23.974     20.650
 148     46.221     23.707     20.926
 149     46.540     23.441     21.204
 150     46.860     23.175     21.482
 151     47.180     22.910     21.760
 152     47.499     22.645     22.039
 153     47.818     22.380     22.317
 154     48.137     22.114     22.596
 155     48.456     21.849     22.875
 156     48.775     21.583     23.154
 157     49.095     21.319     23.434
 158     49.414     21.054     23.713
 159     49.733     20.789     23.993
 160     50.052     20.524     24.272
 161     50.370     20.260     24.552
 162     50.689     19.995     24.832
 163     51.007     19.731     25.113
 164     51.326     19.466     25.393
 165     51.644     19.201     25.674
 166     51.961     18.936     25.955
 167     52.279     18.672     26.235
 168     52.597     18.408     26.516
 169     52.914     18.143     26.799
 170     53.231     17.879     27.080
 171     53.549     17.615     27.363
 172     53.866     17.351     27.646
 173     54.183     17.088     27.929
 174     54.499     16.825     28.213
 175     54.816     16.562     28.497
 176     55.133     16.300     28.782
 177     55.450     16.038     29.066
 178     55.767     15.776     29.350
 179     56.084     15.514     29.634
 180     56.401     15.252     29.918
 181     56.718     14.991     30.203
 182     57.035     14.729     30.487
 183     57.353     14.468     30.772
 184     57.671     14.207     31.057
 185     57.989     13.947     31.342
 186     58.307     13.686     31.627
 187     45.161     42.960      2.115
 188     45.335     42.632      2.450
 189     45.508     42.304      2.785
 190     45.682     41.976      3.120
 191     45.856     41.648      3.455
 192     46.029     41.321      3.791
 193     46.203     40.993      4.125
 194     46.377     40.665      4.460
 195     46.550     40.337      4.796
 196     46.723     40.009      5.132
 197     46.895     39.682      5.468
 198     47.068     39.354      5.804
 199     47.240     39.028      6.141
 200     47.412     38.701      6.478
 201     47.585     38.375      6.815
 202     47.757     38.048      7.152
 203     47.929     37.722      7.491
 204     48.100     37.396      7.829
 205     48.272     37.071      8.167
 206     48.444     36.745      8.506
 207     48.615     36.420      8.845
 208     48.786     36.095      9.185
 209     48.957     35.771      9.524
 210     49.128     35.446      9.864
 211     49.299     35.122     10.205
 212     49.470     34.799     10.545
 213     49.640     34.475     10.886
 214     49.810     34.151     11.227
 215     49.980     33.827     11.568
 216     50.150     33.503     11.909
 217     50.319     33.180     12.251
 218     50.488     32.857     12.592
 219     50.657     32.534     12.935
 220     50.826     32.212     13.277
 221     50.995     31.890     13.621
 222     51.164     31.567     13.964
 223     51.333     31.245     14.308
 224     51.502     30.924     14.652
 225     51.670     30.603     14.996
 226     51.839     30.282     15.339
 227     52.008     29.961     15.684
 228     52.177     29.641     16.029
 229     52.345     29.320     16.374
 230     52.512     29.000     16.719
 231     52.680     28.680     17.065
 232     52.848     28.360     17.411
 233     53.015     28.040     17.757
 234     53.182     27.720     18.102
 235     53.350     27.401     18.449
 236     53.517     27.082     18.795
 237     53.684     26.763     19.142
 238     53.850     26.444     19.489
 239     54.017     26.125     19.837
 240     54.184     25.807     20.185
 241     54.350     25.489     20.533
 242     54.515     25.170     20.881
 243     54.681     24.852     21.229
 244     54.847     24.534     21.578
 245     55.012     24.217     21.926
 246     55.177     23.899     22.275
 247     55.343     23.582     22.625
 248     55.509     23.266     22.974
 249     55.675     22.949     23.324
 250     55.840     22.632     23.674
 251     56.006     22.316     24.024
 252     56.171     22.000     24.375
 253     56.337     21.684     24.725
 254     56.502     21.367     25.076
 255     56.667     21.051     25.426
 256     56.831     20.735     25.776
 257     56.996     20.419     26.127
 258     57.161     20.103     26.478
 259     57.325     19.788     26.830
 260     57.488     19.473     27.181
 261     57.652     19.158     27.534
 262     57.816     18.843     27.886
 263     57.979     18.528     28.239
 264     58.143     18.214     28.591
 265     58.307     17.900     28.944
 266     58.472     17.587     29.297
 267     58.637     17.274     29.650
 268     58.802     16.961     30.003
 269     58.968     16.648     30.357
 270     59.133     16.336     30.710
 271     59.300     16.024     31.064
 272     59.467     15.712     31.417
 273     59.633     15.400     31.771
 274     59.800     15.088     32.124
 275     43.925     20.371     10.121
 276     44.262     20.367     10.490
 277     44.599     20.364     10.860
 278     44.936     20.360     11.229
 279     45.272     20.356     11.599
 280     45.610     20.353     11.969
 281     45.947     20.349     12.338
 282     46.284     20.345     12.707
 283     46.620     20.342     13.077
 284     46.957     20.338     13.446
 285     47.294     20.335     13.816
 286     47.631     20.331     14.186
 287     47.968     20.327     14.555
 288     48.304     20.324     14.925
 289     48.640     20.320     15.295
 290     48.976     20.317     15.665
 291     49.313     20.313     16.034
 292     49.650     20.310     16.405
 293     49.986     20.307     16.774
 294     50.322     20.305     17.144
 295     50.659     20.302     17.514
 296     50.995     20.300     17.885
 297     51.331     20.297     18.255
 298     51.667     20.295     18.626
 299     52.002     20.293     18.996
 300     52.338     20.291     19.366
 301     52.674     20.289     19.736
 302     53.010     20.287     20.107
 303     53.346     20.285     20.477
 304     53.681     20.284     20.848
 305     54.016     20.283     21.219
 306     54.352     20.282     21.590
 307     54.688     20.280     21.961
 308     55.023     20.279     22.331
 309     55.358     20.278     22.702
 310     55.694     20.277     23.073
 311     56.029     20.276     23.444
 312     56.365     20.275     23.815
 313     56.700     20.274     24.186
 314     57.035     20.273     24.556
 315     57.371     20.273     24.927
 316     57.707     20.272     25.298
 317     58.042     20.272     25.668
 318     58.377     20.272     26.039
 319     58.713     20.271     26.410
 320     59.049     20.270     26.780
 321     59.384     20.270     27.151
 322     59.719     20.269     27.522
 323     60.054     20.268     27.893
 324     60.389     20.267     28.264
 325     60.725     20.267     28.635
 326     61.060     20.266     29.006
 327     61.395     20.264     29.377
 328     61.730     20.263     29.748
 329     62.065     20.262     30.119
 330     62.400     20.261     30.490
 331     62.736     20.260     30.861
 332     63.072     20.258     31.232
 333     63.407     20.257     31.602
 334     30.854     20.276      9.992
 335     31.268     20.276     10.272
 336     31.683     20.275     10.552
 337     32.097     20.274     10.832
 338     32.511     20.273     11.112
 339     32.925     20.273     11.393
 340     33.340     20.272     11.673
 341     33.753     20.272     11.953
 342     34.167     20.271     12.233
 343     34.581     20.270     12.514
 344     34.995     20.270     12.794
 345     35.409     20.269     13.074
 346     35.823     20.269     13.355
 347     36.238     20.268     13.636
 348     36.652     20.268     13.916
 349     37.065     20.267     14.196
 350     37.478     20.267     14.477
 351     37.892     20.266     14.758
 352     38.306     20.266     15.039
 353     38.720     20.265     15.319
 354     39.133     20.265     15.600
 355     39.547     20.264     15.881
 356     39.961     20.263     16.161
 357     40.375     20.263     16.442
 358     40.789     20.262     16.723
 359     41.202     20.261     17.004
 360     41.615     20.261     17.285
 361     42.029     20.260     17.566
 362     42.443     20.260     17.848
 363     42.856     20.259     18.129
 364     43.269     20.259     18.410
 365     43.683     20.259     18.691
 366     44.096     20.258     18.973
 367     44.510     20.258     19.254
 368     44.923     20.258     19.535
 369     45.336     20.258     19.816
 370     45.750     20.258     20.098
 371     46.163     20.258     20.379
 372     46.576     20.257     20.660
 373     46.990     20.257     20.941
 374     47.404     20.257     21.223
 375     47.817     20.258     21.504
 376     48.231     20.258     21.784
 377     48.644     20.258     22.066
 378     49.057     20.258     22.348
 379     49.471     20.258     22.629
 380     49.884     20.258     22.910
 381     50.298     20.258     23.191
 382     50.711     20.258     23.472
 383     51.125     20.258     23.753
 384     51.539     20.258     24.034
 385     51.952     20.259     24.315
 386     52.366     20.259     24.595
 387     52.779     20.259     24.876
 388     53.192     20.258     25.158
 389     53.606     20.259     25.439
 390     54.020     20.259     25.720
 391     54.433     20.259     26.001
 392     54.846     20.258     26.283
 393     55.260     20.258     26.564
 394     55.673     20.258     26.845
 395     56.086     20.258     27.127
 396     56.499     20.257     27.408
 397     56.913     20.257     27.689
 398     57.326     20.257     27.971
 399     57.739     20.257     28.253
 400     58.152     20.257     28.534
 401     58.566     20.258     28.816
 402     58.978     20.258     29.097
 403     59.392     20.258     29.379
 404     59.805     20.258     29.660
 405     60.218     20.258     29.942
 406     60.632     20.258     30.223
 407     61.045     20.258     30.505
 408     61.458     20.258     30.787
 409     61.870     20.258     31.070
 410     62.282     20.257     31.352
 411     62.696     20.257     31.633
 412     63.110     20.256     31.914
 413     44.120     36.242     10.172
 414     44.457     36.242     10.541
 415     44.794     36.241     10.910
 416     45.132     36.241     11.279
 417     45.469     36.240     11.648
 418     45.806     36.239     12.017
 419     46.144     36.238     12.387
 420     46.481     36.237     12.755
 421     46.818     36.236     13.124
 422     47.155     36.236     13.494
 423     47.492     36.235     13.863
 424     47.829     36.234     14.233
 425     48.165     36.234     14.602
 426     48.502     36.233     14.972
 427     48.838     36.233     15.342
 428     49.174     36.233     15.712
 429     49.511     36.233     16.082
 430     49.847     36.233     16.452
 431     50.184     36.233     16.822
 432     50.520     36.233     17.192
 433     50.856     36.234     17.562
 434     51.192     36.234     17.933
 435     51.528     36.234     18.303
 436     51.863     36.234     18.674
 437     52.199     36.235     19.044
 438     52.535     36.235     19.415
 439     52.870     36.235     19.785
 440     53.205     36.236     20.157
 441     53.541     36.236     20.528
 442     53.876     36.237     20.898
 443     54.211     36.238     21.269
 444     54.547     36.239     21.640
 445     54.882     36.239     22.011
 446     55.217     36.240     22.382
 447     55.552     36.241     22.753
 448     55.888     36.243     23.124
 449     56.224     36.245     23.494
 450     56.559     36.246     23.865
 451     56.894     36.247     24.236
 452     57.229     36.248     24.608
 453     57.564     36.250     24.979
 454     57.899     36.250     25.350
 455     58.235     36.251     25.720
 456     58.570     36.252     26.091
 457     58.905     36.253     26.463
 458     59.241     36.254     26.833
 459     59.576     36.255     27.204
 460     59.911     36.256     27.575
 461     60.247     36.256     27.945
 462     60.582     36.257     28.316
 463     60.917     36.257     28.687
 464     61.253     36.258     29.058
 465     61.588     36.258     29.429
 466     61.924     36.258     29.800
 467     62.259     36.258     30.171
 468     62.594     36.258     30.542
 469     62.930     36.257     30.912
 470     63.265     36.257     31.283
 471     31.049     36.263     10.103
 472     31.464     36.262     10.383
 473     31.878     36.261     10.662
 474     32.293     36.260     10.942
 475     32.708     36.259     11.222
 476     33.122     36.259     11.501
 477     33.536     36.258     11.780
 478     33.951     36.257     12.060
 479     34.366     36.256     12.340
 480     34.780     36.255     12.620
 481     35.194     36.255     12.899
 482     35.608     36.253     13.179
 483     36.022     36.252     13.459
 484     36.437     36.251     13.739
 485     36.851     36.250     14.019
 486     37.265     36.249     14.300
 487     37.679     36.248     14.580
 488     38.093     36.247     14.860
 489     38.507     36.246     15.140
 490     38.921     36.245     15.421
 491     39.335     36.244     15.702
 492     39.749     36.243     15.982
 493     40.163     36.242     16.263
 494     40.577     36.241     16.543
 495     40.991     36.240     16.823
 496     41.404     36.239     17.104
 497     41.818     36.238     17.385
 498     42.232     36.237     17.666
 499     42.645     36.235     17.946
 500     43.059     36.235     18.227
 501     43.473     36.234     18.508
 502     43.887     36.233     18.789
 503     44.300     36.232     19.071
 504     44.714     36.231     19.352
 505     45.127     36.230     19.633
 506     45.541     36.230     19.914
 507     45.954     36.229     20.195
 508     46.367     36.229     20.476
 509     46.781     36.229     20.757
 510     47.194     36.229     21.038
 511     47.608     36.229     21.319
 512     48.021     36.229     21.600
 513     48.434     36.229     21.882
 514     48.848     36.229     22.163
 515     49.262     36.229     22.444
 516     49.675     36.229     22.725
 517     50.088     36.228     23.007
 518     50.501     36.228     23.289
 519     50.914     36.228     23.570
 520     51.328     36.229     23.852
 521     51.741     36.229     24.133
 522     52.154     36.229     24.415
 523     52.567     36.228     24.696
 524     52.980     36.228     24.978
 525     53.393     36.228     25.260
 526     53.806     36.229     25.541
 527     54.220     36.229     25.823
 528     54.633     36.229     26.105
 529     55.046     36.229     26.387
 530     55.459     36.230     26.668
 531     55.872     36.230     26.950
 532     56.285     36.231     27.232
 533     56.698     36.231     27.514
 534     57.110     36.232     27.796
 535     57.523     36.232     28.079
 536     57.936     36.233     28.360
 537     58.349     36.234     28.642
 538     58.762     36.234     28.925
 539     59.174     36.235     29.207
 540     59.586     36.236     29.490
 541     59.998     36.237     29.773
 542     60.411     36.238     30.055
 543     60.823     36.239     30.338
 544     61.236     36.241     30.621
 545     61.648     36.242     30.905
 546     62.060     36.243     31.187
 547     62.472     36.245     31.469
 548     62.885     36.245     31.752
 549      7.034     18.233     32.616
 550     13.105     29.818     32.336
 551     20.392     42.983     32.138
 552     27.177     55.664     32.240
 553     64.588     54.392     32.449
 554     64.366     43.894     32.509
 555     64.073     33.089     32.505
 556     63.871     22.499     32.656
