cavern length 8.9697 d: 13.3873 
points from cavern top:
667437.1320     158941.8340     1738.1630
667442.6060     158943.4350     1737.2520
667440.1200     158937.4100     1737.5590
667431.2770     158942.2860     1735.0630
667435.1760     158948.3240     1735.2600	
667445.7180     158942.7330     1734.1420
667441.9010     158936.2050     1735.0250	
667435.1420     158948.0760     1731.7890
667437.7000     158947.0430     1731.7630
667430.9190     158942.1900     1731.9100
667434.7000     158939.9080     1731.8490
667441.8720     158936.1200     1731.8920
667437.9820     158938.0010     1731.8410
667445.4730     158942.9470     1732.5670
667440.7500     158945.0280     1731.7450