6.7757 8.2384 9.701 11.164 12.626 14.089 15.551 17.014 18.477 19.939 21.402 22.865 24.327 25.79 27.252 28.715 30.178 31.64 33.103 34.566 36.028 37.491 38.953 40.416 41.879 43.341 44.804 46.267 47.729 49.192 50.654 52.117 53.58 55.042 56.505 57.968 59.43 60.893 62.355 63.818 65.281 66.743 68.206 69.668 71.131 72.594 74.056 75.519 76.982 78.444
6.7757 8.2384 9.701 11.164 12.626 14.089 15.551 17.014 18.477 19.939 21.402 22.865 24.327 25.79 27.252 28.715 30.178 31.64 33.103 34.566 36.028 37.491 38.953 40.416 41.879 43.341 44.804 46.267 47.729 49.192 50.654 52.117 53.58 55.042 56.505 57.968 59.43 60.893 62.355 63.818 65.281 66.743 68.206 69.668 71.131 72.594 74.056 75.519 76.982 78.444
6.7757 8.2384 9.701 11.164 12.626 14.089 15.551 17.014 18.477 19.939 21.402 22.865 24.327 25.79 27.252 28.715 30.178 31.64 33.103 34.566 36.028 37.491 38.953 40.416 41.879 43.341 44.804 46.267 47.729 49.192 50.654 52.117 53.58 55.042 56.505 57.968 59.43 60.893 62.355 63.818 65.281 66.743 68.206 69.668 71.131 72.594 74.056 75.519 76.982 78.444
6.7757 8.2384 9.701 11.164 12.626 14.089 15.551 17.014 18.477 19.939 21.402 22.865 24.327 25.79 27.252 28.715 30.178 31.64 33.103 34.566 36.028 37.491 38.953 40.416 41.879 43.341 44.804 46.267 47.729 49.192 50.654 52.117 53.58 55.042 56.505 57.968 59.43 60.893 62.355 63.818 65.281 66.743 68.206 69.668 71.131 72.594 74.056 75.519 76.982 78.444
6.7757 8.2384 9.701 11.164 12.626 14.089 15.551 17.014 18.477 19.939 21.402 22.865 24.327 25.79 27.252 28.715 30.178 31.64 33.103 34.566 36.028 37.491 38.953 40.416 41.879 43.341 44.804 46.267 47.729 49.192 50.654 52.117 53.58 55.042 56.505 57.968 59.43 60.893 62.355 63.818 65.281 66.743 68.206 69.668 71.131 72.594 74.056 75.519 76.982 78.444
6.7757 8.2384 9.701 11.164 12.626 14.089 15.551 17.014 18.477 19.939 21.402 22.865 24.327 25.79 27.252 28.715 30.178 31.64 33.103 34.566 36.028 37.491 38.953 40.416 41.879 43.341 44.804 46.267 47.729 49.192 50.654 52.117 53.58 55.042 56.505 57.968 59.43 60.893 62.355 63.818 65.281 66.743 68.206 69.668 71.131 72.594 74.056 75.519 76.982 78.444
6.7757 8.2384 9.701 11.164 12.626 14.089 15.551 17.014 18.477 19.939 21.402 22.865 24.327 25.79 27.252 28.715 30.178 31.64 33.103 34.566 36.028 37.491 38.953 40.416 41.879 43.341 44.804 46.267 47.729 49.192 50.654 52.117 53.58 55.042 56.505 57.968 59.43 60.893 62.355 63.818 65.281 66.743 68.206 69.668 71.131 72.594 74.056 75.519 76.982 78.444
6.7757 8.2384 9.701 11.164 12.626 14.089 15.551 17.014 18.477 19.939 21.402 22.865 24.327 25.79 27.252 28.715 30.178 31.64 33.103 34.566 36.028 37.491 38.953 40.416 41.879 43.341 44.804 46.267 47.729 49.192 50.654 52.117 53.58 55.042 56.505 57.968 59.43 60.893 62.355 63.818 65.281 66.743 68.206 69.668 71.131 72.594 74.056 75.519 76.982 78.444
6.7757 8.2384 9.701 11.164 12.626 14.089 15.551 17.014 18.477 19.939 21.402 22.865 24.327 25.79 27.252 28.715 30.178 31.64 33.103 34.566 36.028 37.491 38.953 40.416 41.879 43.341 44.804 46.267 47.729 49.192 50.654 52.117 53.58 55.042 56.505 57.968 59.43 60.893 62.355 63.818 65.281 66.743 68.206 69.668 71.131 72.594 74.056 75.519 76.982 78.444
6.7757 8.2384 9.701 11.164 12.626 14.089 15.551 17.014 18.477 19.939 21.402 22.865 24.327 25.79 27.252 28.715 30.178 31.64 33.103 34.566 36.028 37.491 38.953 40.416 41.879 43.341 44.804 46.267 47.729 49.192 50.654 52.117 53.58 55.042 56.505 57.968 59.43 60.893 62.355 63.818 65.281 66.743 68.206 69.668 71.131 72.594 74.056 75.519 76.982 78.444
6.7757 8.2384 9.701 11.164 12.626 14.089 15.551 17.014 18.477 19.939 21.402 22.865 24.327 25.79 27.252 28.715 30.178 31.64 33.103 34.566 36.028 37.491 38.953 40.416 41.879 43.341 44.804 46.267 47.729 49.192 50.654 52.117 53.58 55.042 56.505 57.968 59.43 60.893 62.355 63.818 65.281 66.743 68.206 69.668 71.131 72.594 74.056 75.519 76.982 78.444
6.7757 8.2384 9.701 11.164 12.626 14.089 15.551 17.014 18.477 19.939 21.402 22.865 24.327 25.79 27.252 28.715 30.178 31.64 33.103 34.566 36.028 37.491 38.953 40.416 41.879 43.341 44.804 46.267 47.729 49.192 50.654 52.117 53.58 55.042 56.505 57.968 59.43 60.893 62.355 63.818 65.281 66.743 68.206 69.668 71.131 72.594 74.056 75.519 76.982 78.444
6.7757 8.2384 9.701 11.164 12.626 14.089 15.551 17.014 18.477 19.939 21.402 22.865 24.327 25.79 27.252 28.715 30.178 31.64 33.103 34.566 36.028 37.491 38.953 40.416 41.879 43.341 44.804 46.267 47.729 49.192 50.654 52.117 53.58 55.042 56.505 57.968 59.43 60.893 62.355 63.818 65.281 66.743 68.206 69.668 71.131 72.594 74.056 75.519 76.982 78.444
6.7757 8.2384 9.701 11.164 12.626 14.089 15.551 17.014 18.477 19.939 21.402 22.865 24.327 25.79 27.252 28.715 30.178 31.64 33.103 34.566 36.028 37.491 38.953 40.416 41.879 43.341 44.804 46.267 47.729 49.192 50.654 52.117 53.58 55.042 56.505 57.968 59.43 60.893 62.355 63.818 65.281 66.743 68.206 69.668 71.131 72.594 74.056 75.519 76.982 78.444
6.7757 8.2384 9.701 11.164 12.626 14.089 15.551 17.014 18.477 19.939 21.402 22.865 24.327 25.79 27.252 28.715 30.178 31.64 33.103 34.566 36.028 37.491 38.953 40.416 41.879 43.341 44.804 46.267 47.729 49.192 50.654 52.117 53.58 55.042 56.505 57.968 59.43 60.893 62.355 63.818 65.281 66.743 68.206 69.668 71.131 72.594 74.056 75.519 76.982 78.444
6.7757 8.2384 9.701 11.164 12.626 14.089 15.551 17.014 18.477 19.939 21.402 22.865 24.327 25.79 27.252 28.715 30.178 31.64 33.103 34.566 36.028 37.491 38.953 40.416 41.879 43.341 44.804 46.267 47.729 49.192 50.654 52.117 53.58 55.042 56.505 57.968 59.43 60.893 62.355 63.818 65.281 66.743 68.206 69.668 71.131 72.594 74.056 75.519 76.982 78.444
6.7757 8.2384 9.701 11.164 12.626 14.089 15.551 17.014 18.477 19.939 21.402 22.865 24.327 25.79 27.252 28.715 30.178 31.64 33.103 34.566 36.028 37.491 38.953 40.416 41.879 43.341 44.804 46.267 47.729 49.192 50.654 52.117 53.58 55.042 56.505 57.968 59.43 60.893 62.355 63.818 65.281 66.743 68.206 69.668 71.131 72.594 74.056 75.519 76.982 78.444
6.7757 8.2384 9.701 11.164 12.626 14.089 15.551 17.014 18.477 19.939 21.402 22.865 24.327 25.79 27.252 28.715 30.178 31.64 33.103 34.566 36.028 37.491 38.953 40.416 41.879 43.341 44.804 46.267 47.729 49.192 50.654 52.117 53.58 55.042 56.505 57.968 59.43 60.893 62.355 63.818 65.281 66.743 68.206 69.668 71.131 72.594 74.056 75.519 76.982 78.444
6.7757 8.2384 9.701 11.164 12.626 14.089 15.551 17.014 18.477 19.939 21.402 22.865 24.327 25.79 27.252 28.715 30.178 31.64 33.103 34.566 36.028 37.491 38.953 40.416 41.879 43.341 44.804 46.267 47.729 49.192 50.654 52.117 53.58 55.042 56.505 57.968 59.43 60.893 62.355 63.818 65.281 66.743 68.206 69.668 71.131 72.594 74.056 75.519 76.982 78.444
6.7757 8.2384 9.701 11.164 12.626 14.089 15.551 17.014 18.477 19.939 21.402 22.865 24.327 25.79 27.252 28.715 30.178 31.64 33.103 34.566 36.028 37.491 38.953 40.416 41.879 43.341 44.804 46.267 47.729 49.192 50.654 52.117 53.58 55.042 56.505 57.968 59.43 60.893 62.355 63.818 65.281 66.743 68.206 69.668 71.131 72.594 74.056 75.519 76.982 78.444
92.826 92.826 92.826 92.826 92.826 92.826 92.826 92.826 92.826 92.826 92.826 92.826 92.826 92.826 92.826 92.826 92.826 92.826 92.826 92.826 92.826 92.826 92.826 92.826 92.826 92.826 92.826 92.826 92.826 92.826 92.826 92.826 92.826 92.826 92.826 92.826 92.826 92.826 92.826 92.826 92.826 92.826 92.826 92.826 92.826 92.826 92.826 92.826 92.826 92.826
95.226 95.226 95.226 95.226 95.226 95.226 95.226 95.226 95.226 95.226 95.226 95.226 95.226 95.226 95.226 95.226 95.226 95.226 95.226 95.226 95.226 95.226 95.226 95.226 95.226 95.226 95.226 95.226 95.226 95.226 95.226 95.226 95.226 95.226 95.226 95.226 95.226 95.226 95.226 95.226 95.226 95.226 95.226 95.226 95.226 95.226 95.226 95.226 95.226 95.226
97.626 97.626 97.626 97.626 97.626 97.626 97.626 97.626 97.626 97.626 97.626 97.626 97.626 97.626 97.626 97.626 97.626 97.626 97.626 97.626 97.626 97.626 97.626 97.626 97.626 97.626 97.626 97.626 97.626 97.626 97.626 97.626 97.626 97.626 97.626 97.626 97.626 97.626 97.626 97.626 97.626 97.626 97.626 97.626 97.626 97.626 97.626 97.626 97.626 97.626
100.03 100.03 100.03 100.03 100.03 100.03 100.03 100.03 100.03 100.03 100.03 100.03 100.03 100.03 100.03 100.03 100.03 100.03 100.03 100.03 100.03 100.03 100.03 100.03 100.03 100.03 100.03 100.03 100.03 100.03 100.03 100.03 100.03 100.03 100.03 100.03 100.03 100.03 100.03 100.03 100.03 100.03 100.03 100.03 100.03 100.03 100.03 100.03 100.03 100.03
102.43 102.43 102.43 102.43 102.43 102.43 102.43 102.43 102.43 102.43 102.43 102.43 102.43 102.43 102.43 102.43 102.43 102.43 102.43 102.43 102.43 102.43 102.43 102.43 102.43 102.43 102.43 102.43 102.43 102.43 102.43 102.43 102.43 102.43 102.43 102.43 102.43 102.43 102.43 102.43 102.43 102.43 102.43 102.43 102.43 102.43 102.43 102.43 102.43 102.43
104.83 104.83 104.83 104.83 104.83 104.83 104.83 104.83 104.83 104.83 104.83 104.83 104.83 104.83 104.83 104.83 104.83 104.83 104.83 104.83 104.83 104.83 104.83 104.83 104.83 104.83 104.83 104.83 104.83 104.83 104.83 104.83 104.83 104.83 104.83 104.83 104.83 104.83 104.83 104.83 104.83 104.83 104.83 104.83 104.83 104.83 104.83 104.83 104.83 104.83
107.23 107.23 107.23 107.23 107.23 107.23 107.23 107.23 107.23 107.23 107.23 107.23 107.23 107.23 107.23 107.23 107.23 107.23 107.23 107.23 107.23 107.23 107.23 107.23 107.23 107.23 107.23 107.23 107.23 107.23 107.23 107.23 107.23 107.23 107.23 107.23 107.23 107.23 107.23 107.23 107.23 107.23 107.23 107.23 107.23 107.23 107.23 107.23 107.23 107.23
109.63 109.63 109.63 109.63 109.63 109.63 109.63 109.63 109.63 109.63 109.63 109.63 109.63 109.63 109.63 109.63 109.63 109.63 109.63 109.63 109.63 109.63 109.63 109.63 109.63 109.63 109.63 109.63 109.63 109.63 109.63 109.63 109.63 109.63 109.63 109.63 109.63 109.63 109.63 109.63 109.63 109.63 109.63 109.63 109.63 109.63 109.63 109.63 109.63 109.63
112.03 112.03 112.03 112.03 112.03 112.03 112.03 112.03 112.03 112.03 112.03 112.03 112.03 112.03 112.03 112.03 112.03 112.03 112.03 112.03 112.03 112.03 112.03 112.03 112.03 112.03 112.03 112.03 112.03 112.03 112.03 112.03 112.03 112.03 112.03 112.03 112.03 112.03 112.03 112.03 112.03 112.03 112.03 112.03 112.03 112.03 112.03 112.03 112.03 112.03
114.43 114.43 114.43 114.43 114.43 114.43 114.43 114.43 114.43 114.43 114.43 114.43 114.43 114.43 114.43 114.43 114.43 114.43 114.43 114.43 114.43 114.43 114.43 114.43 114.43 114.43 114.43 114.43 114.43 114.43 114.43 114.43 114.43 114.43 114.43 114.43 114.43 114.43 114.43 114.43 114.43 114.43 114.43 114.43 114.43 114.43 114.43 114.43 114.43 114.43
116.83 116.83 116.83 116.83 116.83 116.83 116.83 116.83 116.83 116.83 116.83 116.83 116.83 116.83 116.83 116.83 116.83 116.83 116.83 116.83 116.83 116.83 116.83 116.83 116.83 116.83 116.83 116.83 116.83 116.83 116.83 116.83 116.83 116.83 116.83 116.83 116.83 116.83 116.83 116.83 116.83 116.83 116.83 116.83 116.83 116.83 116.83 116.83 116.83 116.83
119.23 119.23 119.23 119.23 119.23 119.23 119.23 119.23 119.23 119.23 119.23 119.23 119.23 119.23 119.23 119.23 119.23 119.23 119.23 119.23 119.23 119.23 119.23 119.23 119.23 119.23 119.23 119.23 119.23 119.23 119.23 119.23 119.23 119.23 119.23 119.23 119.23 119.23 119.23 119.23 119.23 119.23 119.23 119.23 119.23 119.23 119.23 119.23 119.23 119.23
121.63 121.63 121.63 121.63 121.63 121.63 121.63 121.63 121.63 121.63 121.63 121.63 121.63 121.63 121.63 121.63 121.63 121.63 121.63 121.63 121.63 121.63 121.63 121.63 121.63 121.63 121.63 121.63 121.63 121.63 121.63 121.63 121.63 121.63 121.63 121.63 121.63 121.63 121.63 121.63 121.63 121.63 121.63 121.63 121.63 121.63 121.63 121.63 121.63 121.63
124.03 124.03 124.03 124.03 124.03 124.03 124.03 124.03 124.03 124.03 124.03 124.03 124.03 124.03 124.03 124.03 124.03 124.03 124.03 124.03 124.03 124.03 124.03 124.03 124.03 124.03 124.03 124.03 124.03 124.03 124.03 124.03 124.03 124.03 124.03 124.03 124.03 124.03 124.03 124.03 124.03 124.03 124.03 124.03 124.03 124.03 124.03 124.03 124.03 124.03
126.43 126.43 126.43 126.43 126.43 126.43 126.43 126.43 126.43 126.43 126.43 126.43 126.43 126.43 126.43 126.43 126.43 126.43 126.43 126.43 126.43 126.43 126.43 126.43 126.43 126.43 126.43 126.43 126.43 126.43 126.43 126.43 126.43 126.43 126.43 126.43 126.43 126.43 126.43 126.43 126.43 126.43 126.43 126.43 126.43 126.43 126.43 126.43 126.43 126.43
128.83 128.83 128.83 128.83 128.83 128.83 128.83 128.83 128.83 128.83 128.83 128.83 128.83 128.83 128.83 128.83 128.83 128.83 128.83 128.83 128.83 128.83 128.83 128.83 128.83 128.83 128.83 128.83 128.83 128.83 128.83 128.83 128.83 128.83 128.83 128.83 128.83 128.83 128.83 128.83 128.83 128.83 128.83 128.83 128.83 128.83 128.83 128.83 128.83 128.83
131.23 131.23 131.23 131.23 131.23 131.23 131.23 131.23 131.23 131.23 131.23 131.23 131.23 131.23 131.23 131.23 131.23 131.23 131.23 131.23 131.23 131.23 131.23 131.23 131.23 131.23 131.23 131.23 131.23 131.23 131.23 131.23 131.23 131.23 131.23 131.23 131.23 131.23 131.23 131.23 131.23 131.23 131.23 131.23 131.23 131.23 131.23 131.23 131.23 131.23
133.63 133.63 133.63 133.63 133.63 133.63 133.63 133.63 133.63 133.63 133.63 133.63 133.63 133.63 133.63 133.63 133.63 133.63 133.63 133.63 133.63 133.63 133.63 133.63 133.63 133.63 133.63 133.63 133.63 133.63 133.63 133.63 133.63 133.63 133.63 133.63 133.63 133.63 133.63 133.63 133.63 133.63 133.63 133.63 133.63 133.63 133.63 133.63 133.63 133.63
136.03 136.03 136.03 136.03 136.03 136.03 136.03 136.03 136.03 136.03 136.03 136.03 136.03 136.03 136.03 136.03 136.03 136.03 136.03 136.03 136.03 136.03 136.03 136.03 136.03 136.03 136.03 136.03 136.03 136.03 136.03 136.03 136.03 136.03 136.03 136.03 136.03 136.03 136.03 136.03 136.03 136.03 136.03 136.03 136.03 136.03 136.03 136.03 136.03 136.03
138.43 138.43 138.43 138.43 138.43 138.43 138.43 138.43 138.43 138.43 138.43 138.43 138.43 138.43 138.43 138.43 138.43 138.43 138.43 138.43 138.43 138.43 138.43 138.43 138.43 138.43 138.43 138.43 138.43 138.43 138.43 138.43 138.43 138.43 138.43 138.43 138.43 138.43 138.43 138.43 138.43 138.43 138.43 138.43 138.43 138.43 138.43 138.43 138.43 138.43
34.2 29.522 24.843 20.128 15.303 10.332 5.2069 -0.050241 -5.392 -10.754 -16.067 -21.256 -26.25 -30.987 -35.406 -39.449 -43.066 -46.214 -48.866 -51.005 -52.628 -53.749 -54.397 -54.618 -54.475 -54.043 -53.405 -52.643 -51.832 -51.036 -50.308 -49.69 -49.22 -48.936 -48.871 -49.057 -49.523 -50.284 -51.343 -52.687 -54.289 -56.112 -58.117 -60.261 -62.508 -64.826 -67.189 -69.579 -71.981 -74.387
46.279 41.521 36.771 31.991 27.126 22.139 16.988 11.698 6.3279 0.94132 -4.3965 -9.6176 -14.667 -19.484 -24.006 -28.178 -31.95 -35.281 -38.136 -40.496 -42.35 -43.708 -44.591 -45.04 -45.111 -44.876 -44.421 -43.832 -43.192 -42.574 -42.041 -41.641 -41.419 -41.41 -41.647 -42.155 -42.945 -44.018 -45.36 -46.944 -48.739 -50.708 -52.817 -55.033 -57.33 -59.683 -62.073 -64.485 -66.908 -69.335
58.345 53.51 48.672 43.814 38.919 33.918 28.744 23.428 18.044 12.63 7.2784 2.0275 -3.0804 -7.9782 -12.598 -16.897 -20.823 -24.334 -27.393 -29.972 -32.056 -33.649 -34.769 -35.449 -35.74 -35.71 -35.444 -35.031 -34.563 -34.121 -33.779 -33.595 -33.618 -33.887 -34.43 -35.262 -36.381 -37.768 -39.391 -41.212 -43.194 -45.303 -47.512 -49.799 -52.145 -54.533 -56.951 -59.386 -61.831 -64.279
70.379 65.461 60.538 55.6 50.627 45.575 40.41 35.124 29.747 24.305 18.975 13.681 8.5097 3.5406 -1.1707 -5.5893 -9.662 -13.348 -16.61 -19.402 -21.713 -23.54 -24.898 -25.817 -26.344 -26.541 -26.484 -26.264 -25.97 -25.697 -25.534 -25.558 -25.826 -26.377 -27.235 -28.403 -29.858 -31.56 -33.457 -35.501 -37.657 -39.895 -42.197 -44.55 -46.944 -49.367 -51.813 -54.273 -56.741 -59.211
82.366 77.362 72.354 67.33 62.274 57.162 51.975 46.706 41.371 36.007 30.708 25.321 20.103 15.108 10.281 5.7682 1.5617 -2.2931 -5.743 -8.7405 -11.274 -13.331 -14.924 -16.096 -16.892 -17.358 -17.554 -17.557 -17.448 -17.333 -17.331 -17.549 -18.059 -18.902 -20.094 -21.618 -23.42 -25.428 -27.578 -29.821 -32.126 -34.475 -36.859 -39.273 -41.713 -44.173 -46.648 -49.135 -51.627 -54.121
94.293 89.207 84.116 79.01 73.879 68.709 63.492 58.225 52.918 47.591 42.261 36.93 31.725 26.778 21.742 17.213 12.879 8.8583 5.2795 2.0729 -0.68003 -2.953 -4.7829 -6.2265 -7.3339 -8.1392 -8.6625 -8.9381 -9.0359 -9.0733 -9.2125 -9.6034 -10.351 -11.505 -13.067 -14.97 -17.113 -19.401 -21.766 -24.168 -26.591 -29.031 -31.485 -33.954 -36.438 -38.936 -41.443 -43.957 -46.475 -48.995
106.15 100.99 95.826 90.65 85.454 80.234 74.987 69.711 64.413 59.099 53.785 48.511 43.336 38.293 33.355 28.727 24.315 20.138 16.567 13.095 10.159 7.6882 5.5964 3.8525 2.3973 1.1506 0.1871 -0.411 -0.75348 -0.97966 -1.2578 -1.7841 -2.7604 -4.2678 -6.2455 -8.5352 -10.984 -13.493 -16.012 -18.526 -21.035 -23.544 -26.058 -28.579 -31.108 -33.643 -36.183 -38.727 -41.272 -43.817
117.95 112.72 107.49 102.26 97.011 91.751 86.475 81.187 75.888 70.587 65.303 60.067 54.91 49.862 44.977 40.304 35.88 31.777 28.077 24.438 21.396 18.707 16.277 14.186 12.353 10.562 9.0271 8.067 7.4235 6.875 6.4102 5.7881 4.6073 2.6654 0.23979 -2.3855 -5.0494 -7.6877 -10.29 -12.868 -15.434 -17.998 -20.565 -23.135 -25.708 -28.282 -30.855 -33.428 -36 -38.571
129.67 124.4 119.12 113.84 108.56 103.27 97.969 92.669 87.37 82.083 76.825 71.618 66.487 61.467 56.605 51.937 47.517 43.385 39.533 35.948 32.778 29.974 27.26 24.855 22.434 20.136 18.082 16.568 15.548 14.445 13.674 12.872 11.504 9.0504 6.2654 3.4598 0.72626 -1.9353 -4.5546 -7.1591 -9.7645 -12.376 -14.993 -17.611 -20.227 -22.839 -25.445 -28.046 -30.643 -33.239
141.34 136.03 130.72 125.41 120.1 114.79 109.48 104.17 98.874 93.601 88.365 83.184 78.082 73.091 68.248 63.589 59.15 54.958 51.022 47.379 44.034 40.944 38.003 35.207 32.469 29.815 27.401 25.287 23.521 21.916 20.577 19.133 17.208 14.637 11.83 9.0788 6.4308 3.8347 1.2414 -1.3723 -4.0102 -6.6664 -9.3314 -11.996 -14.654 -17.302 -19.938 -22.564 -25.185 -27.804
152.96 147.63 142.3 136.97 131.64 126.32 121 115.7 110.41 105.15 99.933 94.775 89.699 84.73 79.898 75.232 70.758 66.497 62.467 58.682 55.119 51.741 48.504 45.364 42.309 39.357 36.568 33.955 31.557 29.386 27.333 25.171 22.727 19.954 17.169 14.642 12.182 9.6904 7.1331 4.5113 1.8408 -0.85933 -3.5708 -6.2793 -8.9753 -11.654 -14.317 -16.967 -19.61 -22.25
164.53 159.19 153.86 148.52 143.19 137.87 132.55 127.25 121.98 116.73 111.53 106.4 101.34 96.38 91.545 86.854 82.327 77.98 73.824 69.855 66.052 62.39 58.843 55.385 52.016 48.745 45.583 42.542 39.641 36.878 34.159 31.382 28.576 25.666 22.803 20.419 18.096 15.675 13.136 10.5 7.7964 5.0551 2.3017 -0.44515 -3.1739 -5.8803 -8.5664 -11.238 -13.902 -16.564
176.07 170.73 165.4 160.07 154.75 149.43 144.13 138.84 133.58 128.35 123.17 118.05 113 108.04 103.18 98.447 93.848 89.392 85.081 80.909 76.859 72.916 69.066 65.298 61.611 58.006 54.482 51.043 47.692 44.418 41.192 38.009 34.905 31.908 29.103 26.593 24.22 21.796 19.253 16.598 13.866 11.091 8.3035 5.5263 2.7714 0.041936 -2.6665 -5.3614 -8.0496 -10.735
187.58 182.26 176.94 171.62 166.31 161.01 155.72 150.45 145.21 140 134.83 129.72 124.67 119.69 114.8 110.01 105.32 100.73 96.248 91.862 87.563 83.344 79.198 75.121 71.112 67.169 63.29 59.475 55.724 52.041 48.441 44.959 41.642 38.537 35.672 33.025 30.524 28.028 25.471 22.812 20.063 17.268 14.459 11.663 8.8879 6.1368 3.402 0.67742 -2.0411 -4.7572
199.06 193.77 188.47 183.18 177.89 172.61 167.34 162.1 156.87 151.68 146.52 141.41 136.35 131.35 126.41 121.54 116.73 112 107.34 102.73 98.187 93.694 89.255 84.869 80.537 76.259 72.035 67.869 63.771 59.759 55.871 52.154 48.654 45.404 42.401 39.601 36.948 34.363 31.782 29.143 26.406 23.615 20.803 18 15.211 12.432 9.6576 6.8905 4.1313 1.3766
210.53 205.26 200 194.73 189.47 184.22 178.98 173.76 168.56 163.38 158.23 153.11 148.04 142.99 137.99 133.03 128.11 123.22 118.37 113.54 108.75 103.98 99.252 94.557 89.904 85.297 80.744 76.255 71.851 67.563 63.435 59.511 55.83 52.409 49.235 46.273 43.474 40.788 38.157 35.527 32.865 30.167 27.385 24.583 21.786 18.954 16.117 13.289 10.475 7.669
222 216.76 211.52 206.29 201.06 195.84 190.63 185.44 180.26 175.09 169.95 164.83 159.72 154.64 149.57 144.51 139.45 134.41 129.36 124.31 119.27 114.23 109.2 104.2 99.232 94.305 89.437 84.648 79.968 75.434 71.086 66.963 63.095 59.489 56.136 53.009 50.072 47.284 44.602 41.98 39.383 36.781 34.146 31.467 28.654 25.723 22.799 19.889 16.998 14.118
233.45 228.25 223.05 217.85 212.66 207.47 202.29 197.12 191.97 186.82 181.68 176.55 171.42 166.28 161.13 155.97 150.78 145.56 140.32 135.05 129.75 124.44 119.13 113.82 108.54 103.3 98.127 93.056 88.116 83.347 78.786 74.464 70.402 66.607 63.074 59.785 56.715 53.833 51.104 48.488 45.948 43.444 40.942 38.399 35.741 32.771 29.733 26.717 23.712 20.715
244.9 239.74 234.57 229.41 224.25 219.1 213.96 208.82 203.69 198.55 193.42 188.27 183.11 177.91 172.69 167.41 162.09 156.71 151.27 145.77 140.23 134.64 129.03 123.42 117.83 112.28 106.82 101.47 96.283 91.284 86.509 81.984 77.726 73.741 70.029 66.582 63.383 60.412 57.64 55.032 52.545 50.13 47.734 45.288 42.709 39.92 36.953 33.808 30.63 27.439
256.35 251.23 246.1 240.97 235.85 230.74 225.63 220.52 215.41 210.29 205.15 199.99 194.8 189.55 184.24 178.86 173.4 167.85 162.21 156.49 150.69 144.83 138.93 133.02 127.12 121.27 115.51 109.9 104.46 99.228 94.239 89.509 85.053 80.879 76.99 73.385 70.061 67.003 64.191 61.59 59.155 56.821 54.516 52.157 49.675 47.019 44.143 41.048 37.769 34.261
