20.394 21.547 22.701 23.855 25.008 26.162 27.316 28.469 29.623 30.777 31.93 33.084 34.238 35.391 36.545 37.699 38.852 40.006 41.16 42.313 43.467 44.621 45.774 46.928 48.082 49.235 50.389 51.543 52.696 53.85 55.004 56.157 57.311 58.465 59.618 60.772 61.925 63.079 64.233 65.386 66.54 67.694 68.847 70.001 71.155 72.308 73.462 74.616 75.769 76.923
20.394 21.547 22.701 23.855 25.008 26.162 27.316 28.469 29.623 30.777 31.93 33.084 34.238 35.391 36.545 37.699 38.852 40.006 41.16 42.313 43.467 44.621 45.774 46.928 48.082 49.235 50.389 51.543 52.696 53.85 55.004 56.157 57.311 58.465 59.618 60.772 61.925 63.079 64.233 65.386 66.54 67.694 68.847 70.001 71.155 72.308 73.462 74.616 75.769 76.923
20.394 21.547 22.701 23.855 25.008 26.162 27.316 28.469 29.623 30.777 31.93 33.084 34.238 35.391 36.545 37.699 38.852 40.006 41.16 42.313 43.467 44.621 45.774 46.928 48.082 49.235 50.389 51.543 52.696 53.85 55.004 56.157 57.311 58.465 59.618 60.772 61.925 63.079 64.233 65.386 66.54 67.694 68.847 70.001 71.155 72.308 73.462 74.616 75.769 76.923
20.394 21.547 22.701 23.855 25.008 26.162 27.316 28.469 29.623 30.777 31.93 33.084 34.238 35.391 36.545 37.699 38.852 40.006 41.16 42.313 43.467 44.621 45.774 46.928 48.082 49.235 50.389 51.543 52.696 53.85 55.004 56.157 57.311 58.465 59.618 60.772 61.925 63.079 64.233 65.386 66.54 67.694 68.847 70.001 71.155 72.308 73.462 74.616 75.769 76.923
20.394 21.547 22.701 23.855 25.008 26.162 27.316 28.469 29.623 30.777 31.93 33.084 34.238 35.391 36.545 37.699 38.852 40.006 41.16 42.313 43.467 44.621 45.774 46.928 48.082 49.235 50.389 51.543 52.696 53.85 55.004 56.157 57.311 58.465 59.618 60.772 61.925 63.079 64.233 65.386 66.54 67.694 68.847 70.001 71.155 72.308 73.462 74.616 75.769 76.923
20.394 21.547 22.701 23.855 25.008 26.162 27.316 28.469 29.623 30.777 31.93 33.084 34.238 35.391 36.545 37.699 38.852 40.006 41.16 42.313 43.467 44.621 45.774 46.928 48.082 49.235 50.389 51.543 52.696 53.85 55.004 56.157 57.311 58.465 59.618 60.772 61.925 63.079 64.233 65.386 66.54 67.694 68.847 70.001 71.155 72.308 73.462 74.616 75.769 76.923
20.394 21.547 22.701 23.855 25.008 26.162 27.316 28.469 29.623 30.777 31.93 33.084 34.238 35.391 36.545 37.699 38.852 40.006 41.16 42.313 43.467 44.621 45.774 46.928 48.082 49.235 50.389 51.543 52.696 53.85 55.004 56.157 57.311 58.465 59.618 60.772 61.925 63.079 64.233 65.386 66.54 67.694 68.847 70.001 71.155 72.308 73.462 74.616 75.769 76.923
20.394 21.547 22.701 23.855 25.008 26.162 27.316 28.469 29.623 30.777 31.93 33.084 34.238 35.391 36.545 37.699 38.852 40.006 41.16 42.313 43.467 44.621 45.774 46.928 48.082 49.235 50.389 51.543 52.696 53.85 55.004 56.157 57.311 58.465 59.618 60.772 61.925 63.079 64.233 65.386 66.54 67.694 68.847 70.001 71.155 72.308 73.462 74.616 75.769 76.923
20.394 21.547 22.701 23.855 25.008 26.162 27.316 28.469 29.623 30.777 31.93 33.084 34.238 35.391 36.545 37.699 38.852 40.006 41.16 42.313 43.467 44.621 45.774 46.928 48.082 49.235 50.389 51.543 52.696 53.85 55.004 56.157 57.311 58.465 59.618 60.772 61.925 63.079 64.233 65.386 66.54 67.694 68.847 70.001 71.155 72.308 73.462 74.616 75.769 76.923
20.394 21.547 22.701 23.855 25.008 26.162 27.316 28.469 29.623 30.777 31.93 33.084 34.238 35.391 36.545 37.699 38.852 40.006 41.16 42.313 43.467 44.621 45.774 46.928 48.082 49.235 50.389 51.543 52.696 53.85 55.004 56.157 57.311 58.465 59.618 60.772 61.925 63.079 64.233 65.386 66.54 67.694 68.847 70.001 71.155 72.308 73.462 74.616 75.769 76.923
20.394 21.547 22.701 23.855 25.008 26.162 27.316 28.469 29.623 30.777 31.93 33.084 34.238 35.391 36.545 37.699 38.852 40.006 41.16 42.313 43.467 44.621 45.774 46.928 48.082 49.235 50.389 51.543 52.696 53.85 55.004 56.157 57.311 58.465 59.618 60.772 61.925 63.079 64.233 65.386 66.54 67.694 68.847 70.001 71.155 72.308 73.462 74.616 75.769 76.923
20.394 21.547 22.701 23.855 25.008 26.162 27.316 28.469 29.623 30.777 31.93 33.084 34.238 35.391 36.545 37.699 38.852 40.006 41.16 42.313 43.467 44.621 45.774 46.928 48.082 49.235 50.389 51.543 52.696 53.85 55.004 56.157 57.311 58.465 59.618 60.772 61.925 63.079 64.233 65.386 66.54 67.694 68.847 70.001 71.155 72.308 73.462 74.616 75.769 76.923
20.394 21.547 22.701 23.855 25.008 26.162 27.316 28.469 29.623 30.777 31.93 33.084 34.238 35.391 36.545 37.699 38.852 40.006 41.16 42.313 43.467 44.621 45.774 46.928 48.082 49.235 50.389 51.543 52.696 53.85 55.004 56.157 57.311 58.465 59.618 60.772 61.925 63.079 64.233 65.386 66.54 67.694 68.847 70.001 71.155 72.308 73.462 74.616 75.769 76.923
20.394 21.547 22.701 23.855 25.008 26.162 27.316 28.469 29.623 30.777 31.93 33.084 34.238 35.391 36.545 37.699 38.852 40.006 41.16 42.313 43.467 44.621 45.774 46.928 48.082 49.235 50.389 51.543 52.696 53.85 55.004 56.157 57.311 58.465 59.618 60.772 61.925 63.079 64.233 65.386 66.54 67.694 68.847 70.001 71.155 72.308 73.462 74.616 75.769 76.923
20.394 21.547 22.701 23.855 25.008 26.162 27.316 28.469 29.623 30.777 31.93 33.084 34.238 35.391 36.545 37.699 38.852 40.006 41.16 42.313 43.467 44.621 45.774 46.928 48.082 49.235 50.389 51.543 52.696 53.85 55.004 56.157 57.311 58.465 59.618 60.772 61.925 63.079 64.233 65.386 66.54 67.694 68.847 70.001 71.155 72.308 73.462 74.616 75.769 76.923
20.394 21.547 22.701 23.855 25.008 26.162 27.316 28.469 29.623 30.777 31.93 33.084 34.238 35.391 36.545 37.699 38.852 40.006 41.16 42.313 43.467 44.621 45.774 46.928 48.082 49.235 50.389 51.543 52.696 53.85 55.004 56.157 57.311 58.465 59.618 60.772 61.925 63.079 64.233 65.386 66.54 67.694 68.847 70.001 71.155 72.308 73.462 74.616 75.769 76.923
20.394 21.547 22.701 23.855 25.008 26.162 27.316 28.469 29.623 30.777 31.93 33.084 34.238 35.391 36.545 37.699 38.852 40.006 41.16 42.313 43.467 44.621 45.774 46.928 48.082 49.235 50.389 51.543 52.696 53.85 55.004 56.157 57.311 58.465 59.618 60.772 61.925 63.079 64.233 65.386 66.54 67.694 68.847 70.001 71.155 72.308 73.462 74.616 75.769 76.923
20.394 21.547 22.701 23.855 25.008 26.162 27.316 28.469 29.623 30.777 31.93 33.084 34.238 35.391 36.545 37.699 38.852 40.006 41.16 42.313 43.467 44.621 45.774 46.928 48.082 49.235 50.389 51.543 52.696 53.85 55.004 56.157 57.311 58.465 59.618 60.772 61.925 63.079 64.233 65.386 66.54 67.694 68.847 70.001 71.155 72.308 73.462 74.616 75.769 76.923
20.394 21.547 22.701 23.855 25.008 26.162 27.316 28.469 29.623 30.777 31.93 33.084 34.238 35.391 36.545 37.699 38.852 40.006 41.16 42.313 43.467 44.621 45.774 46.928 48.082 49.235 50.389 51.543 52.696 53.85 55.004 56.157 57.311 58.465 59.618 60.772 61.925 63.079 64.233 65.386 66.54 67.694 68.847 70.001 71.155 72.308 73.462 74.616 75.769 76.923
20.394 21.547 22.701 23.855 25.008 26.162 27.316 28.469 29.623 30.777 31.93 33.084 34.238 35.391 36.545 37.699 38.852 40.006 41.16 42.313 43.467 44.621 45.774 46.928 48.082 49.235 50.389 51.543 52.696 53.85 55.004 56.157 57.311 58.465 59.618 60.772 61.925 63.079 64.233 65.386 66.54 67.694 68.847 70.001 71.155 72.308 73.462 74.616 75.769 76.923
102.03 102.03 102.03 102.03 102.03 102.03 102.03 102.03 102.03 102.03 102.03 102.03 102.03 102.03 102.03 102.03 102.03 102.03 102.03 102.03 102.03 102.03 102.03 102.03 102.03 102.03 102.03 102.03 102.03 102.03 102.03 102.03 102.03 102.03 102.03 102.03 102.03 102.03 102.03 102.03 102.03 102.03 102.03 102.03 102.03 102.03 102.03 102.03 102.03 102.03
103 103 103 103 103 103 103 103 103 103 103 103 103 103 103 103 103 103 103 103 103 103 103 103 103 103 103 103 103 103 103 103 103 103 103 103 103 103 103 103 103 103 103 103 103 103 103 103 103 103
103.97 103.97 103.97 103.97 103.97 103.97 103.97 103.97 103.97 103.97 103.97 103.97 103.97 103.97 103.97 103.97 103.97 103.97 103.97 103.97 103.97 103.97 103.97 103.97 103.97 103.97 103.97 103.97 103.97 103.97 103.97 103.97 103.97 103.97 103.97 103.97 103.97 103.97 103.97 103.97 103.97 103.97 103.97 103.97 103.97 103.97 103.97 103.97 103.97 103.97
104.94 104.94 104.94 104.94 104.94 104.94 104.94 104.94 104.94 104.94 104.94 104.94 104.94 104.94 104.94 104.94 104.94 104.94 104.94 104.94 104.94 104.94 104.94 104.94 104.94 104.94 104.94 104.94 104.94 104.94 104.94 104.94 104.94 104.94 104.94 104.94 104.94 104.94 104.94 104.94 104.94 104.94 104.94 104.94 104.94 104.94 104.94 104.94 104.94 104.94
105.91 105.91 105.91 105.91 105.91 105.91 105.91 105.91 105.91 105.91 105.91 105.91 105.91 105.91 105.91 105.91 105.91 105.91 105.91 105.91 105.91 105.91 105.91 105.91 105.91 105.91 105.91 105.91 105.91 105.91 105.91 105.91 105.91 105.91 105.91 105.91 105.91 105.91 105.91 105.91 105.91 105.91 105.91 105.91 105.91 105.91 105.91 105.91 105.91 105.91
106.88 106.88 106.88 106.88 106.88 106.88 106.88 106.88 106.88 106.88 106.88 106.88 106.88 106.88 106.88 106.88 106.88 106.88 106.88 106.88 106.88 106.88 106.88 106.88 106.88 106.88 106.88 106.88 106.88 106.88 106.88 106.88 106.88 106.88 106.88 106.88 106.88 106.88 106.88 106.88 106.88 106.88 106.88 106.88 106.88 106.88 106.88 106.88 106.88 106.88
107.85 107.85 107.85 107.85 107.85 107.85 107.85 107.85 107.85 107.85 107.85 107.85 107.85 107.85 107.85 107.85 107.85 107.85 107.85 107.85 107.85 107.85 107.85 107.85 107.85 107.85 107.85 107.85 107.85 107.85 107.85 107.85 107.85 107.85 107.85 107.85 107.85 107.85 107.85 107.85 107.85 107.85 107.85 107.85 107.85 107.85 107.85 107.85 107.85 107.85
108.83 108.83 108.83 108.83 108.83 108.83 108.83 108.83 108.83 108.83 108.83 108.83 108.83 108.83 108.83 108.83 108.83 108.83 108.83 108.83 108.83 108.83 108.83 108.83 108.83 108.83 108.83 108.83 108.83 108.83 108.83 108.83 108.83 108.83 108.83 108.83 108.83 108.83 108.83 108.83 108.83 108.83 108.83 108.83 108.83 108.83 108.83 108.83 108.83 108.83
109.8 109.8 109.8 109.8 109.8 109.8 109.8 109.8 109.8 109.8 109.8 109.8 109.8 109.8 109.8 109.8 109.8 109.8 109.8 109.8 109.8 109.8 109.8 109.8 109.8 109.8 109.8 109.8 109.8 109.8 109.8 109.8 109.8 109.8 109.8 109.8 109.8 109.8 109.8 109.8 109.8 109.8 109.8 109.8 109.8 109.8 109.8 109.8 109.8 109.8
110.77 110.77 110.77 110.77 110.77 110.77 110.77 110.77 110.77 110.77 110.77 110.77 110.77 110.77 110.77 110.77 110.77 110.77 110.77 110.77 110.77 110.77 110.77 110.77 110.77 110.77 110.77 110.77 110.77 110.77 110.77 110.77 110.77 110.77 110.77 110.77 110.77 110.77 110.77 110.77 110.77 110.77 110.77 110.77 110.77 110.77 110.77 110.77 110.77 110.77
111.74 111.74 111.74 111.74 111.74 111.74 111.74 111.74 111.74 111.74 111.74 111.74 111.74 111.74 111.74 111.74 111.74 111.74 111.74 111.74 111.74 111.74 111.74 111.74 111.74 111.74 111.74 111.74 111.74 111.74 111.74 111.74 111.74 111.74 111.74 111.74 111.74 111.74 111.74 111.74 111.74 111.74 111.74 111.74 111.74 111.74 111.74 111.74 111.74 111.74
112.71 112.71 112.71 112.71 112.71 112.71 112.71 112.71 112.71 112.71 112.71 112.71 112.71 112.71 112.71 112.71 112.71 112.71 112.71 112.71 112.71 112.71 112.71 112.71 112.71 112.71 112.71 112.71 112.71 112.71 112.71 112.71 112.71 112.71 112.71 112.71 112.71 112.71 112.71 112.71 112.71 112.71 112.71 112.71 112.71 112.71 112.71 112.71 112.71 112.71
113.68 113.68 113.68 113.68 113.68 113.68 113.68 113.68 113.68 113.68 113.68 113.68 113.68 113.68 113.68 113.68 113.68 113.68 113.68 113.68 113.68 113.68 113.68 113.68 113.68 113.68 113.68 113.68 113.68 113.68 113.68 113.68 113.68 113.68 113.68 113.68 113.68 113.68 113.68 113.68 113.68 113.68 113.68 113.68 113.68 113.68 113.68 113.68 113.68 113.68
114.66 114.66 114.66 114.66 114.66 114.66 114.66 114.66 114.66 114.66 114.66 114.66 114.66 114.66 114.66 114.66 114.66 114.66 114.66 114.66 114.66 114.66 114.66 114.66 114.66 114.66 114.66 114.66 114.66 114.66 114.66 114.66 114.66 114.66 114.66 114.66 114.66 114.66 114.66 114.66 114.66 114.66 114.66 114.66 114.66 114.66 114.66 114.66 114.66 114.66
115.63 115.63 115.63 115.63 115.63 115.63 115.63 115.63 115.63 115.63 115.63 115.63 115.63 115.63 115.63 115.63 115.63 115.63 115.63 115.63 115.63 115.63 115.63 115.63 115.63 115.63 115.63 115.63 115.63 115.63 115.63 115.63 115.63 115.63 115.63 115.63 115.63 115.63 115.63 115.63 115.63 115.63 115.63 115.63 115.63 115.63 115.63 115.63 115.63 115.63
116.6 116.6 116.6 116.6 116.6 116.6 116.6 116.6 116.6 116.6 116.6 116.6 116.6 116.6 116.6 116.6 116.6 116.6 116.6 116.6 116.6 116.6 116.6 116.6 116.6 116.6 116.6 116.6 116.6 116.6 116.6 116.6 116.6 116.6 116.6 116.6 116.6 116.6 116.6 116.6 116.6 116.6 116.6 116.6 116.6 116.6 116.6 116.6 116.6 116.6
117.57 117.57 117.57 117.57 117.57 117.57 117.57 117.57 117.57 117.57 117.57 117.57 117.57 117.57 117.57 117.57 117.57 117.57 117.57 117.57 117.57 117.57 117.57 117.57 117.57 117.57 117.57 117.57 117.57 117.57 117.57 117.57 117.57 117.57 117.57 117.57 117.57 117.57 117.57 117.57 117.57 117.57 117.57 117.57 117.57 117.57 117.57 117.57 117.57 117.57
118.54 118.54 118.54 118.54 118.54 118.54 118.54 118.54 118.54 118.54 118.54 118.54 118.54 118.54 118.54 118.54 118.54 118.54 118.54 118.54 118.54 118.54 118.54 118.54 118.54 118.54 118.54 118.54 118.54 118.54 118.54 118.54 118.54 118.54 118.54 118.54 118.54 118.54 118.54 118.54 118.54 118.54 118.54 118.54 118.54 118.54 118.54 118.54 118.54 118.54
119.51 119.51 119.51 119.51 119.51 119.51 119.51 119.51 119.51 119.51 119.51 119.51 119.51 119.51 119.51 119.51 119.51 119.51 119.51 119.51 119.51 119.51 119.51 119.51 119.51 119.51 119.51 119.51 119.51 119.51 119.51 119.51 119.51 119.51 119.51 119.51 119.51 119.51 119.51 119.51 119.51 119.51 119.51 119.51 119.51 119.51 119.51 119.51 119.51 119.51
120.49 120.49 120.49 120.49 120.49 120.49 120.49 120.49 120.49 120.49 120.49 120.49 120.49 120.49 120.49 120.49 120.49 120.49 120.49 120.49 120.49 120.49 120.49 120.49 120.49 120.49 120.49 120.49 120.49 120.49 120.49 120.49 120.49 120.49 120.49 120.49 120.49 120.49 120.49 120.49 120.49 120.49 120.49 120.49 120.49 120.49 120.49 120.49 120.49 120.49
-11.098 -9.997 -8.8967 -7.7987 -6.705 -5.6181 -4.5406 -3.4751 -2.4246 -1.3921 -0.38099 0.60482 1.5603 2.4787 3.3512 4.1653 4.905 5.5493 6.0731 6.4491 6.652 6.6651 6.4831 6.1129 5.5812 4.9481 4.3054 3.7489 3.3496 3.1456 3.1481 3.3538 3.7515 4.3311 5.09 6.0157 7.0625 8.1608 9.2462 10.282 11.263 12.193 13.083 13.943 14.783 15.608 16.424 17.234 18.041 18.848
-8.1525 -7.1831 -6.2144 -5.2472 -4.283 -3.3233 -2.3695 -1.4231 -0.48561 0.44154 1.3567 2.2576 3.1414 4.004 4.8392 5.639 6.3922 7.0846 7.6982 8.2102 8.5933 8.8183 8.864 8.7228 8.3983 7.9059 7.2855 6.6047 5.9505 5.4393 5.1945 5.3036 5.7708 6.5339 7.511 8.622 9.787 10.94 12.04 13.064 14.002 14.865 15.666 16.419 17.134 17.821 18.489 19.145 19.794 20.441
-5.206 -4.3686 -3.5315 -2.6954 -1.8608 -1.0283 -0.1983 0.62905 1.4537 2.2758 3.0954 3.912 4.725 5.5324 6.3313 7.1172 7.8836 8.6221 9.3209 9.9632 10.523 10.96 11.225 11.299 11.184 10.859 10.291 9.493 8.5786 7.7475 7.2488 7.2523 7.783 8.7473 9.9724 11.275 12.547 13.739 14.838 15.837 16.735 17.536 18.251 18.896 19.487 20.036 20.555 21.057 21.548 22.036
-2.2572 -1.5522 -0.84739 -0.14272 0.56191 1.2669 1.9731 2.6816 3.3939 4.1118 4.837 5.571 6.315 7.0696 7.8343 8.6078 9.3874 10.169 10.944 11.702 12.421 13.063 13.536 13.796 13.883 13.776 13.327 12.417 11.254 10.12 9.4023 9.2662 9.8122 10.983 12.517 14.008 15.353 16.561 17.647 18.618 19.473 20.211 20.841 21.379 21.844 22.254 22.625 22.971 23.306 23.636
0.69572 1.2672 1.8389 2.4113 2.9852 3.5623 4.1446 4.7346 5.3356 5.9508 6.5839 7.2382 7.9168 8.6224 9.3568 10.121 10.915 11.736 12.579 13.433 14.277 15.073 15.744 16.19 16.454 16.573 16.303 15.292 13.947 12.687 11.891 11.569 11.971 13.262 15.109 16.8 18.182 19.396 20.474 21.419 22.229 22.902 23.444 23.872 24.21 24.479 24.702 24.895 25.073 25.246
3.6546 4.091 4.528 4.9667 5.4089 5.8574 6.3157 6.788 7.2792 7.7945 8.3391 8.9182 9.5367 10.199 10.909 11.669 12.48 13.341 14.246 15.184 16.13 17.047 17.876 18.534 18.99 19.119 18.817 17.888 16.812 15.838 15.053 14.552 14.576 15.751 17.654 19.513 20.999 22.25 23.328 24.249 25.012 25.616 26.067 26.38 26.587 26.718 26.794 26.835 26.859 26.877
6.6211 6.9202 7.2202 7.5232 7.8321 8.1512 8.4856 8.8414 9.2254 9.6444 10.106 10.616 11.181 11.808 12.501 13.264 14.099 15.005 15.976 17 18.055 19.109 20.146 21.035 21.678 21.924 21.675 20.952 20.237 19.682 19.064 18.554 18.444 19.119 20.702 22.404 23.886 25.154 26.226 27.114 27.822 28.352 28.707 28.904 28.982 28.978 28.913 28.805 28.679 28.547
9.5964 9.7549 9.915 10.08 10.253 10.442 10.653 10.894 11.174 11.502 11.887 12.337 12.859 13.46 14.148 14.925 15.795 16.758 17.81 18.944 20.145 21.411 22.637 23.738 24.58 25.071 25.191 25.033 24.714 24.286 23.762 23.29 23.126 23.501 24.468 25.717 26.994 28.187 29.2 30.022 30.656 31.095 31.35 31.438 31.401 31.269 31.072 30.824 30.555 30.275
12.581 12.595 12.611 12.633 12.669 12.727 12.815 12.945 13.126 13.37 13.687 14.086 14.577 15.166 15.862 16.67 17.593 18.634 19.796 21.089 22.478 23.944 25.363 26.646 27.71 28.516 29.084 29.448 29.567 29.33 28.855 28.386 28.14 28.251 28.744 29.536 30.482 31.437 32.289 32.985 33.506 33.842 33.989 33.976 33.835 33.594 33.279 32.913 32.512 32.09
15.573 15.437 15.304 15.181 15.077 15.002 14.97 14.992 15.082 15.251 15.511 15.872 16.345 16.939 17.661 18.52 19.522 20.674 21.988 23.464 25.061 26.691 28.268 29.726 31.01 32.108 33.043 33.794 34.321 34.357 33.946 33.491 33.177 33.092 33.262 33.675 34.257 34.905 35.518 36.028 36.394 36.6 36.637 36.522 36.281 35.943 35.526 35.057 34.554 34.031
18.57 18.278 17.99 17.717 17.47 17.264 17.114 17.035 17.042 17.147 17.363 17.702 18.175 18.792 19.563 20.5 21.614 22.908 24.423 26.082 27.83 29.592 31.294 32.901 34.358 35.682 36.852 37.828 38.526 38.818 38.668 38.348 38.046 37.855 37.816 37.939 38.198 38.533 38.875 39.162 39.347 39.401 39.313 39.09 38.748 38.321 37.815 37.258 36.677 36.081
21.564 21.109 20.661 20.234 19.843 19.508 19.246 19.074 19.007 19.061 19.249 19.583 20.076 20.74 21.587 22.63 23.898 25.377 27.055 28.857 30.718 32.569 34.372 36.085 37.69 39.171 40.491 41.594 42.407 42.874 42.995 42.882 42.667 42.448 42.284 42.202 42.204 42.265 42.346 42.4 42.386 42.274 42.049 41.712 41.273 40.751 40.161 39.526 38.871 38.207
24.544 23.92 23.307 22.722 22.188 21.728 21.362 21.107 20.981 21 21.176 21.526 22.061 22.797 23.75 24.94 26.363 28.013 29.82 31.716 33.654 35.572 37.453 39.264 40.981 42.57 43.987 45.178 46.095 46.714 47.044 47.126 47.034 46.847 46.626 46.411 46.222 46.06 45.907 45.737 45.521 45.234 44.862 44.401 43.856 43.237 42.562 41.849 41.117 40.379
27.49 26.693 25.911 25.171 24.499 23.922 23.461 23.137 22.967 22.967 23.152 23.539 24.142 24.977 26.055 27.413 28.993 30.756 32.646 34.608 36.596 38.58 40.534 42.427 44.226 45.892 47.381 48.65 49.668 50.419 50.908 51.151 51.184 51.06 50.83 50.539 50.218 49.881 49.531 49.158 48.747 48.284 47.757 47.161 46.499 45.777 45.01 44.211 43.395 42.573
30.372 29.404 28.455 27.569 26.77 26.087 25.545 25.165 24.968 24.969 25.185 25.631 26.326 27.291 28.526 30.011 31.7 33.546 35.486 37.497 39.542 41.589 43.609 45.568 47.432 49.16 50.713 52.057 53.169 54.035 54.651 55.022 55.167 55.115 54.907 54.581 54.171 53.703 53.191 52.641 52.051 51.415 50.729 49.99 49.201 48.366 47.495 46.599 45.69 44.775
33.146 32.015 30.922 29.907 28.999 28.225 27.616 27.197 26.989 27.011 27.28 27.811 28.629 29.722 31.087 32.674 34.433 36.33 38.325 40.389 42.49 44.596 46.674 48.69 50.609 52.393 54.009 55.427 56.626 57.592 58.314 58.792 59.033 59.052 58.878 58.542 58.077 57.512 56.87 56.167 55.412 54.611 53.767 52.88 51.954 50.995 50.01 49.007 47.993 46.976
35.749 34.517 33.309 32.185 31.185 30.341 29.682 29.238 29.037 29.099 29.446 30.082 31.019 32.232 33.689 35.341 37.161 39.113 41.165 43.284 45.439 47.598 49.729 51.797 53.768 55.608 57.286 58.777 60.058 61.113 61.929 62.498 62.822 62.907 62.771 62.439 61.939 61.301 60.553 59.718 58.814 57.856 56.854 55.816 54.748 53.657 52.548 51.427 50.3 49.17
38.225 36.923 35.626 34.419 33.345 32.444 31.751 31.297 31.117 31.244 31.676 32.423 33.463 34.76 36.286 38.006 39.887 41.897 44.005 46.179 48.387 50.597 52.778 54.896 56.918 58.814 60.556 62.117 63.477 64.615 65.516 66.168 66.567 66.712 66.615 66.293 65.77 65.074 64.235 63.282 62.24 61.133 59.976 58.786 57.571 56.341 55.101 53.855 52.607 51.357
40.628 39.258 37.907 36.633 35.493 34.545 33.833 33.384 33.241 33.433 33.954 34.791 35.911 37.286 38.883 40.669 42.612 44.682 46.846 49.074 51.333 53.594 55.823 57.99 60.064 62.017 63.822 65.454 66.89 68.108 69.09 69.821 70.29 70.492 70.433 70.123 69.581 68.835 67.914 66.851 65.678 64.425 63.117 61.774 60.411 59.038 57.663 56.288 54.913 53.54
43.003 41.574 40.172 38.843 37.648 36.654 35.939 35.502 35.394 35.645 36.243 37.159 38.359 39.81 41.478 43.331 45.337 47.466 49.687 51.969 54.28 56.589 58.866 61.082 63.209 65.219 67.087 68.789 70.301 71.598 72.66 73.468 74.006 74.264 74.242 73.944 73.385 72.591 71.591 70.421 69.12 67.724 66.264 64.768 63.256 61.74 60.228 58.721 57.22 55.72
