   0.07292722 
   0.07286339 
   0.07281683 
   0.07279383 
   0.07279693 
   0.07282400 
   0.07286911 
   0.07292454 
   0.07298308 
   0.07303929 
   0.07308990 
   0.07313354 
   0.07317013 
   0.07320036 
   0.07322507 
   0.07324500 
   0.07326072 
   0.07327281 
   0.07328191 
   0.07328870 
   0.07329375 
   0.07329745 
   0.07330005 
   0.07330173 
   0.07330262 
   0.07330275 
   0.07330192 
   0.07329976 
   0.07329604 
   0.07329081 
   0.07328428 
   0.07327643 
   0.07326693 
   0.07325537 
   0.07324138 
   0.07322472 
   0.07320567 
   0.07318519 
   0.07316437 
   0.07314408 
   0.07312519 
   0.07310844 
   0.07309332 
   0.07307724 
   0.07305720 
   0.07303225 
   0.07300363 
   0.07297291 
   0.07294017 
   0.07290508 
   0.07286823 
   0.07283072 
   0.07279510 
   0.07276647 
   0.07275344 
   0.07276692 
   0.07281034 
   0.07286920 
   0.07292156 
   0.07295723 
   0.07297814 
   0.07298947 
   0.07299532 
   0.07299828 
   0.07282565 
   0.07267160 
   0.07255781 
   0.07250042 
   0.07250633 
   0.07257023 
   0.07267678 
   0.07280665 
   0.07294239 
   0.07307152 
   0.07318691 
   0.07328578 
   0.07336840 
   0.07343664 
   0.07349258 
   0.07353782 
   0.07357345 
   0.07360065 
   0.07362091 
   0.07363585 
   0.07364684 
   0.07365482 
   0.07366031 
   0.07366367 
   0.07366529 
   0.07366540 
   0.07366358 
   0.07365875 
   0.07365014 
   0.07363795 
   0.07362298 
   0.07360535 
   0.07358404 
   0.07355819 
   0.07352715 
   0.07349002 
   0.07344725 
   0.07340137 
   0.07335525 
   0.07331029 
   0.07326807 
   0.07323104 
   0.07319930 
   0.07316656 
   0.07312472 
   0.07307157 
   0.07301064 
   0.07294698 
   0.07287982 
   0.07280793 
   0.07273447 
   0.07266057 
   0.07259061 
   0.07253354 
   0.07250373 
   0.07252751 
   0.07262350 
   0.07275485 
   0.07286070 
   0.07292623 
   0.07296299 
   0.07298265 
   0.07299266 
   0.07299747 
   0.07265825 
   0.07235184 
   0.07212023 
   0.07199949 
   0.07200656 
   0.07213001 
   0.07233590 
   0.07258331 
   0.07283783 
   0.07307676 
   0.07328812 
   0.07346781 
   0.07361724 
   0.07374079 
   0.07384273 
   0.07392560 
   0.07399074 
   0.07403979 
   0.07407563 
   0.07410157 
   0.07412026 
   0.07413362 
   0.07414242 
   0.07414717 
   0.07414876 
   0.07414829 
   0.07414524 
   0.07413669 
   0.07412059 
   0.07409740 
   0.07406946 
   0.07403788 
   0.07399939 
   0.07395290 
   0.07389857 
   0.07383314 
   0.07375671 
   0.07367494 
   0.07359515 
   0.07351734 
   0.07344296 
   0.07337719 
   0.07332425 
   0.07327364 
   0.07320756 
   0.07312353 
   0.07302474 
   0.07292601 
   0.07282330 
   0.07271260 
   0.07261077 
   0.07251083 
   0.07242090 
   0.07235275 
   0.07231355 
   0.07233517 
   0.07248884 
   0.07270602 
   0.07284160 
   0.07291755 
   0.07295974 
   0.07298263 
   0.07299394 
   0.07299853 
   0.07237263 
   0.07179506 
   0.07134153 
   0.07109448 
   0.07109644 
   0.07132251 
   0.07169830 
   0.07214049 
   0.07258625 
   0.07299876 
   0.07336040 
   0.07366568 
   0.07391823 
   0.07412791 
   0.07430273 
   0.07444607 
   0.07455861 
   0.07464164 
   0.07470050 
   0.07474213 
   0.07477053 
   0.07479068 
   0.07480284 
   0.07480781 
   0.07480690 
   0.07480358 
   0.07479921 
   0.07478518 
   0.07475737 
   0.07471646 
   0.07466595 
   0.07461336 
   0.07454732 
   0.07446779 
   0.07438066 
   0.07427385 
   0.07414999 
   0.07401466 
   0.07389115 
   0.07377018 
   0.07365300 
   0.07355158 
   0.07345435 
   0.07337321 
   0.07328846 
   0.07318529 
   0.07306223 
   0.07292351 
   0.07277381 
   0.07264627 
   0.07254068 
   0.07245740 
   0.07240928 
   0.07240535 
   0.07243612 
   0.07250122 
   0.07262864 
   0.07278506 
   0.07287598 
   0.07293279 
   0.07297013 
   0.07299191 
   0.07300140 
   0.07300269 
   0.07190163 
   0.07084148 
   0.06995518 
   0.06944667 
   0.06942556 
   0.06983100 
   0.07049662 
   0.07125715 
   0.07200709 
   0.07269290 
   0.07329190 
   0.07379674 
   0.07421138 
   0.07455925 
   0.07485284 
   0.07509596 
   0.07528791 
   0.07542632 
   0.07551902 
   0.07558460 
   0.07562119 
   0.07565023 
   0.07566313 
   0.07566535 
   0.07565678 
   0.07564206 
   0.07563675 
   0.07561193 
   0.07556764 
   0.07550233 
   0.07541800 
   0.07531675 
   0.07520633 
   0.07508566 
   0.07493547 
   0.07476773 
   0.07458777 
   0.07439253 
   0.07419515 
   0.07402302 
   0.07387375 
   0.07373914 
   0.07363624 
   0.07352537 
   0.07341933 
   0.07330786 
   0.07320602 
   0.07307180 
   0.07294789 
   0.07284957 
   0.07278309 
   0.07275250 
   0.07276175 
   0.07280746 
   0.07287981 
   0.07295468 
   0.07297327 
   0.07292840 
   0.07292473 
   0.07295862 
   0.07299413 
   0.07301449 
   0.07301877 
   0.07301202 
   0.07119121 
   0.06930150 
   0.06753133 
   0.06647059 
   0.06638944 
   0.06710235 
   0.06823844 
   0.06949045 
   0.07070516 
   0.07180949 
   0.07277603 
   0.07360541 
   0.07427576 
   0.07485366 
   0.07533882 
   0.07574380 
   0.07607221 
   0.07630520 
   0.07645757 
   0.07654295 
   0.07659349 
   0.07661398 
   0.07663155 
   0.07661263 
   0.07659193 
   0.07656488 
   0.07651768 
   0.07647997 
   0.07642008 
   0.07632716 
   0.07621461 
   0.07609345 
   0.07596544 
   0.07581527 
   0.07563623 
   0.07543027 
   0.07518768 
   0.07492528 
   0.07467940 
   0.07445743 
   0.07428838 
   0.07416674 
   0.07406252 
   0.07395152 
   0.07382798 
   0.07372203 
   0.07359991 
   0.07346534 
   0.07335526 
   0.07327423 
   0.07320744 
   0.07316006 
   0.07311456 
   0.07308090 
   0.07310187 
   0.07312976 
   0.07310744 
   0.07290944 
   0.07291464 
   0.07298632 
   0.07304115 
   0.07306090 
   0.07305332 
   0.07303001 
   0.07024829 
   0.06720476 
   0.06334308 
   0.06118105 
   0.06101534 
   0.06220248 
   0.06397509 
   0.06592973 
   0.06781871 
   0.06953686 
   0.07105511 
   0.07238329 
   0.07353852 
   0.07448738 
   0.07526492 
   0.07591612 
   0.07647589 
   0.07687677 
   0.07715910 
   0.07737499 
   0.07751800 
   0.07760990 
   0.07765208 
   0.07767096 
   0.07767871 
   0.07765888 
   0.07760675 
   0.07752993 
   0.07743390 
   0.07731003 
   0.07717343 
   0.07704275 
   0.07688463 
   0.07671043 
   0.07650760 
   0.07625842 
   0.07598509 
   0.07566131 
   0.07539534 
   0.07515037 
   0.07492181 
   0.07473117 
   0.07461564 
   0.07443742 
   0.07425490 
   0.07408074 
   0.07386125 
   0.07357824 
   0.07337094 
   0.07316988 
   0.07298871 
   0.07275733 
   0.07250391 
   0.07231300 
   0.07220828 
   0.07222339 
   0.07237915 
   0.07258541 
   0.07286455 
   0.07306168 
   0.07314655 
   0.07315302 
   0.07311697 
   0.07306180 
   0.06938297 
   0.06469836 
   0.05796804 
   0.05415013 
   0.05393343 
   0.05538026 
   0.05780779 
   0.06048652 
   0.06308927 
   0.06553019 
   0.06773694 
   0.06973642 
   0.07144324 
   0.07286622 
   0.07408314 
   0.07509673 
   0.07589631 
   0.07659281 
   0.07721254 
   0.07769556 
   0.07806786 
   0.07830390 
   0.07850197 
   0.07867844 
   0.07876878 
   0.07880127 
   0.07873597 
   0.07861646 
   0.07849945 
   0.07834951 
   0.07817189 
   0.07797014 
   0.07778187 
   0.07758759 
   0.07735225 
   0.07709183 
   0.07685152 
   0.07666973 
   0.07640880 
   0.07610584 
   0.07582234 
   0.07553526 
   0.07516765 
   0.07488406 
   0.07460923 
   0.07433087 
   0.07407160 
   0.07386615 
   0.07353881 
   0.07314545 
   0.07264302 
   0.07214305 
   0.07168236 
   0.07129927 
   0.07107785 
   0.07109380 
   0.07141447 
   0.07238406 
   0.07302698 
   0.07331053 
   0.07337239 
   0.07332150 
   0.07322434 
   0.07311315 
   0.06932352 
   0.06484770 
   0.05948768 
   0.05398625 
   0.05206554 
   0.05306949 
   0.05498530 
   0.05716299 
   0.05949644 
   0.06193439 
   0.06432534 
   0.06657674 
   0.06857570 
   0.07034550 
   0.07190806 
   0.07331244 
   0.07449470 
   0.07552149 
   0.07641982 
   0.07720465 
   0.07784709 
   0.07836709 
   0.07875181 
   0.07904142 
   0.07925055 
   0.07934127 
   0.07937900 
   0.07935464 
   0.07927224 
   0.07919210 
   0.07908047 
   0.07894138 
   0.07880730 
   0.07867079 
   0.07853857 
   0.07839732 
   0.07824764 
   0.07809255 
   0.07788231 
   0.07763599 
   0.07734008 
   0.07699080 
   0.07659615 
   0.07620702 
   0.07585137 
   0.07550542 
   0.07517272 
   0.07486012 
   0.07451843 
   0.07412243 
   0.07371220 
   0.07331325 
   0.07297417 
   0.07271557 
   0.07259461 
   0.07264761 
   0.07287797 
   0.07329702 
   0.07370660 
   0.07386514 
   0.07377515 
   0.07359409 
   0.07338691 
   0.07318792 
   0.07002072 
   0.06673645 
   0.06325461 
   0.06042363 
   0.05822301 
   0.05710184 
   0.05725728 
   0.05834852 
   0.05990142 
   0.06155782 
   0.06335614 
   0.06506895 
   0.06672601 
   0.06840789 
   0.07002536 
   0.07148697 
   0.07283863 
   0.07400458 
   0.07506903 
   0.07602884 
   0.07685944 
   0.07757167 
   0.07818511 
   0.07870330 
   0.07914594 
   0.07952558 
   0.07981111 
   0.08000749 
   0.08010799 
   0.08014854 
   0.08016277 
   0.08014174 
   0.08006729 
   0.07994818 
   0.07982891 
   0.07973010 
   0.07960338 
   0.07942925 
   0.07921391 
   0.07892834 
   0.07857160 
   0.07816381 
   0.07778911 
   0.07741873 
   0.07707529 
   0.07678714 
   0.07649669 
   0.07618482 
   0.07583600 
   0.07548616 
   0.07510423 
   0.07475612 
   0.07449285 
   0.07430994 
   0.07419469 
   0.07422598 
   0.07445431 
   0.07473039 
   0.07486485 
   0.07471449 
   0.07438724 
   0.07397848 
   0.07360404 
   0.07328470 
   0.07094027 
   0.06886216 
   0.06697835 
   0.06575628 
   0.06558931 
   0.06428174 
   0.06311089 
   0.06287209 
   0.06362283 
   0.06474605 
   0.06579303 
   0.06679043 
   0.06788111 
   0.06897497 
   0.06998786 
   0.07093119 
   0.07193393 
   0.07302290 
   0.07408158 
   0.07507920 
   0.07600545 
   0.07684328 
   0.07765218 
   0.07837833 
   0.07900468 
   0.07955894 
   0.08003568 
   0.08042293 
   0.08069841 
   0.08089070 
   0.08106002 
   0.08116282 
   0.08122845 
   0.08121938 
   0.08115190 
   0.08111839 
   0.08102683 
   0.08083121 
   0.08058166 
   0.08029130 
   0.08001098 
   0.07970343 
   0.07931299 
   0.07892037 
   0.07854768 
   0.07819094 
   0.07787153 
   0.07757376 
   0.07730787 
   0.07702086 
   0.07678268 
   0.07658824 
   0.07644358 
   0.07637047 
   0.07636394 
   0.07643217 
   0.07656121 
   0.07661655 
   0.07644242 
   0.07594252 
   0.07516436 
   0.07443848 
   0.07385527 
   0.07339481 
   0.07171846 
   0.07050885 
   0.06951959 
   0.06892141 
   0.06857687 
   0.06828643 
   0.06797806 
   0.06778069 
   0.06793767 
   0.06864148 
   0.06967436 
   0.07066307 
   0.07159562 
   0.07227695 
   0.07280810 
   0.07327499 
   0.07380680 
   0.07435152 
   0.07487921 
   0.07548353 
   0.07615180 
   0.07692596 
   0.07765403 
   0.07830097 
   0.07890314 
   0.07947913 
   0.08006760 
   0.08058767 
   0.08104426 
   0.08142617 
   0.08174447 
   0.08196954 
   0.08206946 
   0.08214743 
   0.08218434 
   0.08210355 
   0.08199533 
   0.08183381 
   0.08161724 
   0.08142944 
   0.08121133 
   0.08095030 
   0.08069390 
   0.08044977 
   0.08021057 
   0.07991141 
   0.07964098 
   0.07941879 
   0.07918104 
   0.07896880 
   0.07882568 
   0.07868601 
   0.07859825 
   0.07856740 
   0.07858244 
   0.07860864 
   0.07861237 
   0.07847585 
   0.07801598 
   0.07714305 
   0.07593420 
   0.07489237 
   0.07410453 
   0.07350486 
   0.07225435 
   0.07157486 
   0.07103221 
   0.07064406 
   0.07028555 
   0.06983497 
   0.07049154 
   0.07143221 
   0.07180090 
   0.07210248 
   0.07281054 
   0.07389346 
   0.07488782 
   0.07570348 
   0.07638120 
   0.07691881 
   0.07722751 
   0.07745661 
   0.07765506 
   0.07781505 
   0.07792217 
   0.07809344 
   0.07834622 
   0.07868539 
   0.07905355 
   0.07946180 
   0.07994767 
   0.08044686 
   0.08091376 
   0.08139411 
   0.08182644 
   0.08215752 
   0.08241891 
   0.08257948 
   0.08270845 
   0.08277714 
   0.08278192 
   0.08274938 
   0.08262200 
   0.08250766 
   0.08235475 
   0.08219958 
   0.08202657 
   0.08182467 
   0.08162106 
   0.08146631 
   0.08129013 
   0.08109393 
   0.08092964 
   0.08076628 
   0.08060937 
   0.08053888 
   0.08050690 
   0.08048132 
   0.08044813 
   0.08038349 
   0.08020909 
   0.07990223 
   0.07916706 
   0.07801608 
   0.07651414 
   0.07526338 
   0.07432192 
   0.07360457 
   0.07258597 
   0.07221559 
   0.07192583 
   0.07173563 
   0.07168125 
   0.07200124 
   0.07269706 
   0.07347729 
   0.07402178 
   0.07443012 
   0.07496407 
   0.07565042 
   0.07651426 
   0.07745461 
   0.07820868 
   0.07876547 
   0.07903849 
   0.07913770 
   0.07920084 
   0.07918575 
   0.07928157 
   0.07937733 
   0.07946567 
   0.07946348 
   0.07942438 
   0.07945969 
   0.07958808 
   0.07993210 
   0.08039789 
   0.08087849 
   0.08130509 
   0.08168142 
   0.08202094 
   0.08238242 
   0.08268881 
   0.08297496 
   0.08320101 
   0.08340776 
   0.08364340 
   0.08372931 
   0.08373840 
   0.08369246 
   0.08359403 
   0.08343721 
   0.08326513 
   0.08311307 
   0.08295264 
   0.08277395 
   0.08258976 
   0.08247911 
   0.08239528 
   0.08229892 
   0.08221418 
   0.08215026 
   0.08204921 
   0.08181859 
   0.08140547 
   0.08064851 
   0.07966529 
   0.07838033 
   0.07687797 
   0.07554990 
   0.07450798 
   0.07369422 
   0.07278109 
   0.07259110 
   0.07245858 
   0.07241997 
   0.07255168 
   0.07298301 
   0.07383207 
   0.07432928 
   0.07472826 
   0.07522369 
   0.07553067 
   0.07566214 
   0.07586802 
   0.07627320 
   0.07689610 
   0.07743125 
   0.07786722 
   0.07832848 
   0.07867634 
   0.07895607 
   0.07909028 
   0.07914330 
   0.07918634 
   0.07924087 
   0.07940934 
   0.07953486 
   0.07965044 
   0.07976848 
   0.07994802 
   0.08012644 
   0.08035644 
   0.08077469 
   0.08129943 
   0.08184210 
   0.08234598 
   0.08276985 
   0.08325552 
   0.08374198 
   0.08412861 
   0.08442228 
   0.08465042 
   0.08480495 
   0.08486660 
   0.08487045 
   0.08478759 
   0.08462315 
   0.08446284 
   0.08435026 
   0.08426904 
   0.08415892 
   0.08403633 
   0.08391485 
   0.08375857 
   0.08358108 
   0.08334066 
   0.08295550 
   0.08229185 
   0.08138541 
   0.08023975 
   0.07882839 
   0.07724908 
   0.07583492 
   0.07469348 
   0.07378414 
   0.07289272 
   0.07280561 
   0.07276042 
   0.07278430 
   0.07290922 
   0.07313776 
   0.07331903 
   0.07341056 
   0.07360284 
   0.07414113 
   0.07462356 
   0.07463050 
   0.07443813 
   0.07431330 
   0.07422780 
   0.07449399 
   0.07523209 
   0.07597420 
   0.07668426 
   0.07738441 
   0.07788210 
   0.07825389 
   0.07843935 
   0.07858909 
   0.07867089 
   0.07876348 
   0.07881570 
   0.07896873 
   0.07921346 
   0.07949731 
   0.07981002 
   0.08015157 
   0.08055116 
   0.08092320 
   0.08139430 
   0.08198561 
   0.08269208 
   0.08337612 
   0.08392792 
   0.08438972 
   0.08484510 
   0.08523958 
   0.08560839 
   0.08588720 
   0.08603388 
   0.08609611 
   0.08613953 
   0.08611948 
   0.08607745 
   0.08602160 
   0.08589951 
   0.08575470 
   0.08560505 
   0.08536327 
   0.08499987 
   0.08440210 
   0.08359188 
   0.08253985 
   0.08121683 
   0.07959951 
   0.07779771 
   0.07619436 
   0.07491078 
   0.07388617 
   0.07295527 
   0.07292456 
   0.07292183 
   0.07295843 
   0.07303066 
   0.07308534 
   0.07298522 
   0.07251700 
   0.07210864 
   0.07197085 
   0.07216858 
   0.07261133 
   0.07290628 
   0.07284548 
   0.07272046 
   0.07279087 
   0.07311518 
   0.07386675 
   0.07477010 
   0.07559019 
   0.07637384 
   0.07701130 
   0.07734805 
   0.07762773 
   0.07778506 
   0.07785988 
   0.07794776 
   0.07799960 
   0.07816498 
   0.07852431 
   0.07895343 
   0.07936479 
   0.07973051 
   0.08017195 
   0.08069456 
   0.08123226 
   0.08178003 
   0.08236945 
   0.08298720 
   0.08368060 
   0.08440619 
   0.08507998 
   0.08562375 
   0.08605716 
   0.08645996 
   0.08677385 
   0.08705471 
   0.08726355 
   0.08742461 
   0.08750618 
   0.08754912 
   0.08755846 
   0.08746979 
   0.08727260 
   0.08679673 
   0.08611943 
   0.08520647 
   0.08400673 
   0.08247972 
   0.08060247 
   0.07848595 
   0.07663945 
   0.07517153 
   0.07400575 
   0.07299040 
   0.07299120 
   0.07301196 
   0.07305829 
   0.07312395 
   0.07317987 
   0.07317745 
   0.07311150 
   0.07286429 
   0.07135513 
   0.07046711 
   0.07050471 
   0.07102366 
   0.07160868 
   0.07203434 
   0.07220088 
   0.07254952 
   0.07293204 
   0.07363921 
   0.07453695 
   0.07530588 
   0.07587417 
   0.07647822 
   0.07695127 
   0.07719199 
   0.07730268 
   0.07739010 
   0.07744354 
   0.07750118 
   0.07761869 
   0.07781523 
   0.07811603 
   0.07855967 
   0.07908035 
   0.07962437 
   0.08020892 
   0.08072536 
   0.08132327 
   0.08206562 
   0.08280019 
   0.08348761 
   0.08428100 
   0.08505701 
   0.08580768 
   0.08650050 
   0.08712254 
   0.08763132 
   0.08805639 
   0.08840424 
   0.08868858 
   0.08893724 
   0.08910264 
   0.08911283 
   0.08893921 
   0.08856447 
   0.08789765 
   0.08693809 
   0.08564186 
   0.08390184 
   0.08172050 
   0.07928238 
   0.07715113 
   0.07546755 
   0.07413947 
   0.07301116 
   0.07303190 
   0.07307199 
   0.07314120 
   0.07324929 
   0.07341072 
   0.07366367 
   0.07409578 
   0.07479967 
   0.07465814 
   0.07279688 
   0.07127059 
   0.07075450 
   0.07101740 
   0.07170297 
   0.07243677 
   0.07285210 
   0.07327610 
   0.07374713 
   0.07418297 
   0.07490001 
   0.07559841 
   0.07613990 
   0.07655292 
   0.07701659 
   0.07735140 
   0.07744406 
   0.07747630 
   0.07748440 
   0.07752381 
   0.07758563 
   0.07771706 
   0.07782267 
   0.07802495 
   0.07837067 
   0.07884281 
   0.07937948 
   0.07991346 
   0.08055856 
   0.08132646 
   0.08212086 
   0.08301259 
   0.08401768 
   0.08499799 
   0.08591036 
   0.08684153 
   0.08767947 
   0.08841008 
   0.08901278 
   0.08955441 
   0.09003573 
   0.09031463 
   0.09047242 
   0.09046277 
   0.09025454 
   0.08979241 
   0.08886491 
   0.08742152 
   0.08544779 
   0.08292515 
   0.08012513 
   0.07769032 
   0.07577288 
   0.07427274 
   0.07302451 
   0.07305973 
   0.07311839 
   0.07321793 
   0.07338549 
   0.07366681 
   0.07413652 
   0.07488304 
   0.07589072 
   0.07758241 
   0.07826895 
   0.07723005 
   0.07520578 
   0.07407684 
   0.07384114 
   0.07411635 
   0.07447718 
   0.07476375 
   0.07498561 
   0.07525680 
   0.07549593 
   0.07589513 
   0.07650695 
   0.07707261 
   0.07750240 
   0.07792337 
   0.07834189 
   0.07857270 
   0.07850630 
   0.07834831 
   0.07823373 
   0.07810075 
   0.07795650 
   0.07796451 
   0.07793745 
   0.07800919 
   0.07829041 
   0.07870698 
   0.07923158 
   0.07983205 
   0.08054305 
   0.08123794 
   0.08203067 
   0.08283927 
   0.08374995 
   0.08470695 
   0.08576538 
   0.08686729 
   0.08794700 
   0.08895156 
   0.08977013 
   0.09042732 
   0.09105160 
   0.09155212 
   0.09170468 
   0.09140561 
   0.09060183 
   0.08906728 
   0.08683085 
   0.08397055 
   0.08091757 
   0.07819822 
   0.07602727 
   0.07436962 
   0.07303341 
   0.07307934 
   0.07315379 
   0.07328095 
   0.07350035 
   0.07387690 
   0.07450990 
   0.07552867 
   0.07708039 
   0.07908147 
   0.08183573 
   0.08369162 
   0.08371723 
   0.08178841 
   0.07972711 
   0.07829114 
   0.07748832 
   0.07709370 
   0.07682965 
   0.07670741 
   0.07691741 
   0.07716589 
   0.07751708 
   0.07806979 
   0.07868527 
   0.07933589 
   0.07965489 
   0.07987507 
   0.08004029 
   0.07998278 
   0.07976125 
   0.07936602 
   0.07896696 
   0.07852123 
   0.07813790 
   0.07798968 
   0.07787535 
   0.07782915 
   0.07787126 
   0.07808785 
   0.07844853 
   0.07890511 
   0.07935701 
   0.07975626 
   0.08006273 
   0.08041972 
   0.08083106 
   0.08145386 
   0.08208027 
   0.08301854 
   0.08439067 
   0.08616718 
   0.08821449 
   0.08993373 
   0.09104711 
   0.09156417 
   0.09140259 
   0.09041287 
   0.08829235 
   0.08524713 
   0.08170634 
   0.07849979 
   0.07607948 
   0.07435534 
   0.07303884 
   0.07309156 
   0.07317640 
   0.07332153 
   0.07357336 
   0.07400852 
   0.07475026 
   0.07599124 
   0.07802432 
   0.08133324 
   0.08643162 
   0.08897923 
   0.08993179 
   0.08945831 
   0.08740045 
   0.08467948 
   0.08241906 
   0.08081657 
   0.07975729 
   0.07918583 
   0.07884819 
   0.07888275 
   0.07906032 
   0.07930515 
   0.07966672 
   0.08000041 
   0.08024358 
   0.08025781 
   0.08019270 
   0.08007475 
   0.07977419 
   0.07928103 
   0.07872233 
   0.07799306 
   0.07735439 
   0.07677290 
   0.07607690 
   0.07549391 
   0.07509547 
   0.07482835 
   0.07450423 
   0.07425131 
   0.07403108 
   0.07388277 
   0.07364910 
   0.07337464 
   0.07319110 
   0.07305526 
   0.07334035 
   0.07399798 
   0.07521895 
   0.07680874 
   0.07858302 
   0.08085286 
   0.08364461 
   0.08636790 
   0.08809075 
   0.08868325 
   0.08778053 
   0.08531513 
   0.08153300 
   0.07801828 
   0.07564359 
   0.07412253 
   0.07304106 
   0.07309639 
   0.07318478 
   0.07333523 
   0.07359528 
   0.07404355 
   0.07480859 
   0.07609685 
   0.07822986 
   0.08163356 
   0.08637497 
   0.09069489 
   0.09267122 
   0.09262380 
   0.09152606 
   0.08951084 
   0.08691532 
   0.08462371 
   0.08292296 
   0.08166691 
   0.08078881 
   0.08016264 
   0.07989565 
   0.07986213 
   0.07985529 
   0.07982144 
   0.07997749 
   0.08003013 
   0.07990866 
   0.07953857 
   0.07914950 
   0.07874093 
   0.07816302 
   0.07747671 
   0.07673367 
   0.07573529 
   0.07480653 
   0.07395621 
   0.07309666 
   0.07231173 
   0.07174307 
   0.07107321 
   0.07031813 
   0.06948117 
   0.06871370 
   0.06798685 
   0.06730872 
   0.06681901 
   0.06655879 
   0.06653206 
   0.06673783 
   0.06715390 
   0.06781508 
   0.06868705 
   0.07033258 
   0.07267108 
   0.07571194 
   0.07878997 
   0.08110154 
   0.08116505 
   0.07857442 
   0.07594693 
   0.07447095 
   0.07360882 
   0.07304038 
   0.07309433 
   0.07317956 
   0.07332295 
   0.07356775 
   0.07398359 
   0.07467961 
   0.07581600 
   0.07758980 
   0.08010600 
   0.08297269 
   0.08503297 
   0.08766778 
   0.09056495 
   0.09197675 
   0.09206841 
   0.09104594 
   0.08909788 
   0.08695424 
   0.08506359 
   0.08348486 
   0.08225862 
   0.08116394 
   0.08035034 
   0.07988559 
   0.07957806 
   0.07936375 
   0.07926531 
   0.07929959 
   0.07911889 
   0.07883252 
   0.07846776 
   0.07803249 
   0.07754726 
   0.07678866 
   0.07578592 
   0.07476079 
   0.07362032 
   0.07259989 
   0.07160169 
   0.07045888 
   0.06948898 
   0.06854489 
   0.06751932 
   0.06639373 
   0.06530221 
   0.06429170 
   0.06347776 
   0.06285726 
   0.06246757 
   0.06215622 
   0.06195186 
   0.06175503 
   0.06171364 
   0.06198201 
   0.06255272 
   0.06387495 
   0.06565869 
   0.06769744 
   0.06994548 
   0.07157786 
   0.07242127 
   0.07275535 
   0.07290863 
   0.07303734 
   0.07308669 
   0.07316343 
   0.07329034 
   0.07350274 
   0.07385489 
   0.07442548 
   0.07531478 
   0.07661152 
   0.07829165 
   0.08006721 
   0.08151185 
   0.08330246 
   0.08652538 
   0.08999769 
   0.09208638 
   0.09266536 
   0.09199826 
   0.09021349 
   0.08803335 
   0.08586268 
   0.08405061 
   0.08263182 
   0.08130490 
   0.08029153 
   0.07970381 
   0.07935268 
   0.07916886 
   0.07900095 
   0.07902924 
   0.07894153 
   0.07870670 
   0.07842176 
   0.07790000 
   0.07730859 
   0.07669579 
   0.07578163 
   0.07478940 
   0.07363268 
   0.07231200 
   0.07099794 
   0.06965049 
   0.06829394 
   0.06706170 
   0.06594655 
   0.06482141 
   0.06379727 
   0.06270478 
   0.06186802 
   0.06110947 
   0.06052675 
   0.06008294 
   0.05956025 
   0.05914974 
   0.05875998 
   0.05874461 
   0.05910241 
   0.05961386 
   0.06081925 
   0.06293153 
   0.06625786 
   0.06936927 
   0.07119861 
   0.07226120 
   0.07303270 
   0.07307534 
   0.07314039 
   0.07324565 
   0.07341765 
   0.07369497 
   0.07412988 
   0.07478404 
   0.07571300 
   0.07695013 
   0.07857083 
   0.08103468 
   0.08541503 
   0.08844072 
   0.08971125 
   0.09086667 
   0.09173296 
   0.09191434 
   0.09149865 
   0.09006035 
   0.08814638 
   0.08621558 
   0.08439243 
   0.08301034 
   0.08183906 
   0.08075862 
   0.08004207 
   0.07970619 
   0.07952892 
   0.07936853 
   0.07926801 
   0.07929885 
   0.07914629 
   0.07891992 
   0.07853947 
   0.07795984 
   0.07739314 
   0.07673662 
   0.07570096 
   0.07443945 
   0.07308244 
   0.07149768 
   0.06996411 
   0.06860150 
   0.06719874 
   0.06583761 
   0.06465647 
   0.06371980 
   0.06271236 
   0.06185248 
   0.06106708 
   0.06044162 
   0.05995951 
   0.05963283 
   0.05933558 
   0.05915875 
   0.05908239 
   0.05944695 
   0.06041291 
   0.06207469 
   0.06491039 
   0.06807719 
   0.07035783 
   0.07186856 
   0.07302727 
   0.07306229 
   0.07311454 
   0.07319709 
   0.07332856 
   0.07353488 
   0.07385013 
   0.07431592 
   0.07498306 
   0.07593254 
   0.07735111 
   0.07962142 
   0.08294524 
   0.08600302 
   0.08794959 
   0.08914103 
   0.09035372 
   0.09156698 
   0.09205765 
   0.09189463 
   0.09091551 
   0.08905523 
   0.08715575 
   0.08535113 
   0.08378543 
   0.08265518 
   0.08171422 
   0.08098262 
   0.08058383 
   0.08038567 
   0.08032781 
   0.08012979 
   0.08010581 
   0.08009235 
   0.07994606 
   0.07979317 
   0.07945626 
   0.07891193 
   0.07831267 
   0.07753544 
   0.07637468 
   0.07504914 
   0.07364217 
   0.07203958 
   0.07045448 
   0.06902831 
   0.06761049 
   0.06631018 
   0.06533207 
   0.06447075 
   0.06378692 
   0.06311695 
   0.06267987 
   0.06236473 
   0.06220112 
   0.06214209 
   0.06211154 
   0.06219063 
   0.06245115 
   0.06355214 
   0.06570569 
   0.06818673 
   0.07022561 
   0.07175886 
   0.07302175 
   0.07304923 
   0.07308925 
   0.07315087 
   0.07324640 
   0.07339241 
   0.07361012 
   0.07392613 
   0.07437536 
   0.07500926 
   0.07589559 
   0.07702275 
   0.07794314 
   0.07762890 
   0.07945767 
   0.08275942 
   0.08575540 
   0.08814170 
   0.09029028 
   0.09182622 
   0.09220815 
   0.09185472 
   0.09045489 
   0.08873520 
   0.08698450 
   0.08535536 
   0.08412483 
   0.08315914 
   0.08237900 
   0.08195645 
   0.08164504 
   0.08165397 
   0.08163525 
   0.08170197 
   0.08181112 
   0.08181348 
   0.08161574 
   0.08141787 
   0.08108195 
   0.08057154 
   0.07998234 
   0.07923890 
   0.07825865 
   0.07698233 
   0.07557603 
   0.07401578 
   0.07251388 
   0.07125529 
   0.07016355 
   0.06912420 
   0.06829355 
   0.06772587 
   0.06722310 
   0.06685549 
   0.06646784 
   0.06598147 
   0.06537793 
   0.06497671 
   0.06503963 
   0.06574050 
   0.06714141 
   0.06884157 
   0.07047260 
   0.07183175 
   0.07301667 
   0.07303736 
   0.07306673 
   0.07311069 
   0.07317688 
   0.07327495 
   0.07341629 
   0.07361313 
   0.07387557 
   0.07420143 
   0.07454087 
   0.07471275 
   0.07437487 
   0.07371183 
   0.07453799 
   0.07550790 
   0.07864259 
   0.08250597 
   0.08592317 
   0.08873507 
   0.09109758 
   0.09227098 
   0.09238653 
   0.09154185 
   0.08995703 
   0.08860918 
   0.08725226 
   0.08597076 
   0.08493403 
   0.08416427 
   0.08386876 
   0.08368885 
   0.08363940 
   0.08380832 
   0.08396243 
   0.08420624 
   0.08431679 
   0.08422695 
   0.08402931 
   0.08389329 
   0.08367007 
   0.08341311 
   0.08298970 
   0.08235365 
   0.08150451 
   0.08040003 
   0.07928459 
   0.07811829 
   0.07694969 
   0.07593611 
   0.07494186 
   0.07386149 
   0.07273673 
   0.07144391 
   0.07005031 
   0.06870850 
   0.06754547 
   0.06670229 
   0.06647764 
   0.06693348 
   0.06799899 
   0.06945068 
   0.07081978 
   0.07198110 
   0.07301233 
   0.07302735 
   0.07304810 
   0.07307821 
   0.07312202 
   0.07318438 
   0.07326967 
   0.07337924 
   0.07350519 
   0.07361551 
   0.07362467 
   0.07335821 
   0.07257002 
   0.07098177 
   0.06786778 
   0.06832649 
   0.07216779 
   0.07663395 
   0.08102848 
   0.08461504 
   0.08736033 
   0.08976389 
   0.09149021 
   0.09208142 
   0.09215982 
   0.09134192 
   0.09013656 
   0.08897544 
   0.08790427 
   0.08715528 
   0.08652273 
   0.08618554 
   0.08629519 
   0.08628916 
   0.08653924 
   0.08677178 
   0.08716592 
   0.08741800 
   0.08747478 
   0.08748320 
   0.08749797 
   0.08738625 
   0.08706856 
   0.08679377 
   0.08648565 
   0.08617462 
   0.08551550 
   0.08454095 
   0.08344747 
   0.08215585 
   0.08049892 
   0.07865536 
   0.07668260 
   0.07478376 
   0.07285941 
   0.07100406 
   0.06945074 
   0.06828611 
   0.06764730 
   0.06771537 
   0.06864444 
   0.07001728 
   0.07119965 
   0.07216315 
   0.07300885 
   0.07301944 
   0.07303365 
   0.07305361 
   0.07308156 
   0.07311951 
   0.07316798 
   0.07322350 
   0.07327323 
   0.07328547 
   0.07319728 
   0.07291040 
   0.07231806 
   0.07141200 
   0.07093023 
   0.07195901 
   0.07247260 
   0.07473843 
   0.07747275 
   0.08046851 
   0.08310868 
   0.08523023 
   0.08727008 
   0.08939825 
   0.09082078 
   0.09122689 
   0.09093611 
   0.09037001 
   0.08973738 
   0.08912474 
   0.08852860 
   0.08817568 
   0.08787841 
   0.08795289 
   0.08805399 
   0.08823459 
   0.08851595 
   0.08874101 
   0.08920794 
   0.08939247 
   0.08941946 
   0.08926059 
   0.08916312 
   0.08897422 
   0.08865798 
   0.08825051 
   0.08783250 
   0.08721152 
   0.08616559 
   0.08476987 
   0.08314490 
   0.08145452 
   0.07961784 
   0.07765903 
   0.07569637 
   0.07375105 
   0.07197217 
   0.07045734 
   0.06945183 
   0.06920941 
   0.06977788 
   0.07077330 
   0.07166068 
   0.07237904 
   0.07300621 
   0.07301353 
   0.07302309 
   0.07303613 
   0.07305379 
   0.07307684 
   0.07310482 
   0.07313462 
   0.07315823 
   0.07316079 
   0.07312328 
   0.07304177 
   0.07298873 
   0.07326903 
   0.07458831 
   0.07767100 
   0.07984033 
   0.07904933 
   0.07890320 
   0.07939439 
   0.08058060 
   0.08211460 
   0.08374442 
   0.08526202 
   0.08696721 
   0.08850992 
   0.08948312 
   0.08977175 
   0.08954613 
   0.08910379 
   0.08867602 
   0.08831189 
   0.08796706 
   0.08780515 
   0.08789280 
   0.08813093 
   0.08835752 
   0.08885863 
   0.08904771 
   0.08932637 
   0.08966191 
   0.08980369 
   0.08964219 
   0.08951476 
   0.08932944 
   0.08889024 
   0.08819447 
   0.08736451 
   0.08644364 
   0.08535213 
   0.08413484 
   0.08277004 
   0.08133071 
   0.07977758 
   0.07807750 
   0.07637883 
   0.07466463 
   0.07315278 
   0.07195964 
   0.07129264 
   0.07129059 
   0.07173868 
   0.07221183 
   0.07262736 
   0.07300432 
   0.07300935 
   0.07301581 
   0.07302448 
   0.07303612 
   0.07305134 
   0.07307046 
   0.07309337 
   0.07312033 
   0.07315536 
   0.07321716 
   0.07336597 
   0.07375692 
   0.07470555 
   0.07663280 
   0.07949236 
   0.08204321 
   0.08409023 
   0.08317355 
   0.08176650 
   0.08088179 
   0.08083353 
   0.08145975 
   0.08250331 
   0.08357170 
   0.08477912 
   0.08614173 
   0.08715622 
   0.08772081 
   0.08774938 
   0.08763578 
   0.08732045 
   0.08707832 
   0.08703782 
   0.08688596 
   0.08697521 
   0.08746525 
   0.08782938 
   0.08836443 
   0.08887103 
   0.08919644 
   0.08948770 
   0.08955229 
   0.08924030 
   0.08856976 
   0.08793568 
   0.08730652 
   0.08658511 
   0.08585754 
   0.08504705 
   0.08409079 
   0.08318457 
   0.08212096 
   0.08084725 
   0.07949519 
   0.07815962 
   0.07680508 
   0.07551706 
   0.07430750 
   0.07337656 
   0.07290781 
   0.07275789 
   0.07278806 
   0.07288436 
   0.07300302 
   0.07300653 
   0.07301105 
   0.07301718 
   0.07302567 
   0.07303752 
   0.07305438 
   0.07307943 
   0.07311985 
   0.07319249 
   0.07333597 
   0.07363234 
   0.07423644 
   0.07538722 
   0.07733247 
   0.08014656 
   0.08373524 
   0.08680127 
   0.08771671 
   0.08622545 
   0.08380730 
   0.08203147 
   0.08106329 
   0.08103568 
   0.08151150 
   0.08212699 
   0.08290653 
   0.08392233 
   0.08487308 
   0.08553173 
   0.08577557 
   0.08592591 
   0.08596975 
   0.08579595 
   0.08588232 
   0.08607801 
   0.08615322 
   0.08667754 
   0.08734283 
   0.08774854 
   0.08811856 
   0.08826096 
   0.08833208 
   0.08818023 
   0.08787879 
   0.08721994 
   0.08636722 
   0.08567283 
   0.08492630 
   0.08414453 
   0.08343876 
   0.08269406 
   0.08194498 
   0.08108210 
   0.08018029 
   0.07925444 
   0.07821597 
   0.07699867 
   0.07589681 
   0.07496215 
   0.07420308 
   0.07363569 
   0.07330020 
   0.07311565 
   0.07300217 
   0.07300472 
   0.07300807 
   0.07301281 
   0.07301981 
   0.07303054 
   0.07304775 
   0.07307682 
   0.07312873 
   0.07322558 
   0.07341025 
   0.07376041 
   0.07440227 
   0.07550968 
   0.07727020 
   0.07981852 
   0.08305553 
   0.08624659 
   0.08855604 
   0.08892762 
   0.08759909 
   0.08492052 
   0.08267990 
   0.08112005 
   0.08049003 
   0.08067473 
   0.08106128 
   0.08154852 
   0.08226617 
   0.08302690 
   0.08375305 
   0.08429849 
   0.08468420 
   0.08510930 
   0.08550519 
   0.08560712 
   0.08577613 
   0.08577398 
   0.08582714 
   0.08627542 
   0.08650062 
   0.08671698 
   0.08684063 
   0.08684013 
   0.08680739 
   0.08643651 
   0.08591520 
   0.08507833 
   0.08412994 
   0.08335273 
   0.08276626 
   0.08209676 
   0.08143089 
   0.08072176 
   0.08016409 
   0.07957323 
   0.07883358 
   0.07800149 
   0.07710620 
   0.07609711 
   0.07511574 
   0.07427721 
   0.07368746 
   0.07329393 
   0.07300162 
   0.07300357 
   0.07300623 
   0.07301021 
   0.07301649 
   0.07302684 
   0.07304455 
   0.07307589 
   0.07313268 
   0.07323673 
   0.07342652 
   0.07376540 
   0.07434835 
   0.07530087 
   0.07676297 
   0.07884930 
   0.08158040 
   0.08486564 
   0.08757147 
   0.08844280 
   0.08823843 
   0.08718081 
   0.08502854 
   0.08269391 
   0.08095547 
   0.07990161 
   0.07967689 
   0.07983728 
   0.08008316 
   0.08061076 
   0.08134580 
   0.08208995 
   0.08297810 
   0.08364484 
   0.08415745 
   0.08464767 
   0.08482976 
   0.08487068 
   0.08488753 
   0.08468531 
   0.08486053 
   0.08514599 
   0.08545814 
   0.08573555 
   0.08566358 
   0.08571897 
   0.08550084 
   0.08498177 
   0.08421246 
   0.08318384 
   0.08218917 
   0.08131449 
   0.08066977 
   0.08021971 
   0.07976281 
   0.07914019 
   0.07865483 
   0.07813192 
   0.07741351 
   0.07657825 
   0.07563419 
   0.07466046 
   0.07392529 
   0.07340601 
   0.07300127 
   0.07300283 
   0.07300506 
   0.07300856 
   0.07301435 
   0.07302425 
   0.07304160 
   0.07307246 
   0.07312764 
   0.07322585 
   0.07339794 
   0.07369164 
   0.07417492 
   0.07493473 
   0.07606644 
   0.07764701 
   0.07967821 
   0.08191640 
   0.08373928 
   0.08539177 
   0.08626426 
   0.08644418 
   0.08601070 
   0.08468299 
   0.08256007 
   0.08087170 
   0.07958074 
   0.07890319 
   0.07875271 
   0.07878302 
   0.07904297 
   0.07961523 
   0.08017293 
   0.08080488 
   0.08145796 
   0.08212802 
   0.08300950 
   0.08350779 
   0.08363708 
   0.08373061 
   0.08374219 
   0.08387777 
   0.08423700 
   0.08453200 
   0.08497326 
   0.08509437 
   0.08496850 
   0.08488070 
   0.08442784 
   0.08380250 
   0.08274279 
   0.08162651 
   0.08061606 
   0.07987069 
   0.07928423 
   0.07885453 
   0.07845725 
   0.07794409 
   0.07744656 
   0.07672122 
   0.07579111 
   0.07478437 
   0.07401414 
   0.07345343 
   0.07300103 
   0.07300233 
   0.07300425 
   0.07300736 
   0.07301262 
   0.07302174 
   0.07303773 
   0.07306586 
   0.07311507 
   0.07320012 
   0.07334414 
   0.07358132 
   0.07395850 
   0.07453358 
   0.07536741 
   0.07650303 
   0.07792064 
   0.07947771 
   0.08097038 
   0.08232294 
   0.08371560 
   0.08499903 
   0.08526037 
   0.08480770 
   0.08372947 
   0.08179585 
   0.07994095 
   0.07850192 
   0.07761358 
   0.07723154 
   0.07714680 
   0.07720127 
   0.07750093 
   0.07789933 
   0.07828411 
   0.07882568 
   0.07955823 
   0.08051466 
   0.08143277 
   0.08203710 
   0.08248374 
   0.08285472 
   0.08307287 
   0.08355376 
   0.08391292 
   0.08438472 
   0.08479872 
   0.08469222 
   0.08456390 
   0.08420655 
   0.08361603 
   0.08278396 
   0.08156498 
   0.08042120 
   0.07939370 
   0.07858089 
   0.07788954 
   0.07746741 
   0.07692911 
   0.07620626 
   0.07553996 
   0.07467610 
   0.07399058 
   0.07345865 
   0.07300085 
   0.07300195 
   0.07300361 
   0.07300633 
   0.07301097 
   0.07301901 
   0.07303295 
   0.07305705 
   0.07309827 
   0.07316763 
   0.07328177 
   0.07346453 
   0.07374765 
   0.07416976 
   0.07477156 
   0.07558561 
   0.07662278 
   0.07787557 
   0.07936724 
   0.08117351 
   0.08314030 
   0.08420057 
   0.08464273 
   0.08440764 
   0.08358625 
   0.08233456 
   0.08061099 
   0.07868189 
   0.07724152 
   0.07631066 
   0.07583497 
   0.07556926 
   0.07546451 
   0.07549459 
   0.07573831 
   0.07597663 
   0.07623394 
   0.07694298 
   0.07791976 
   0.07918093 
   0.08018752 
   0.08098329 
   0.08167907 
   0.08219989 
   0.08288144 
   0.08342921 
   0.08398649 
   0.08464775 
   0.08484577 
   0.08472931 
   0.08456949 
   0.08400570 
   0.08319349 
   0.08209987 
   0.08064788 
   0.07927592 
   0.07810617 
   0.07711792 
   0.07621929 
   0.07568777 
   0.07511716 
   0.07448901 
   0.07396838 
   0.07347591 
   0.07300071 
   0.07300164 
   0.07300305 
   0.07300537 
   0.07300933 
   0.07301611 
   0.07302771 
   0.07304740 
   0.07308036 
   0.07313457 
   0.07322175 
   0.07335840 
   0.07356639 
   0.07387285 
   0.07430925 
   0.07491047 
   0.07571950 
   0.07680804 
   0.07831679 
   0.08046512 
   0.08310551 
   0.08451091 
   0.08470413 
   0.08420083 
   0.08346084 
   0.08233058 
   0.08091627 
   0.07939256 
   0.07754322 
   0.07602058 
   0.07487341 
   0.07427559 
   0.07397808 
   0.07380204 
   0.07377689 
   0.07393393 
   0.07407506 
   0.07421276 
   0.07470348 
   0.07558100 
   0.07689700 
   0.07818955 
   0.07930661 
   0.08025140 
   0.08111131 
   0.08203464 
   0.08291151 
   0.08362345 
   0.08444927 
   0.08507796 
   0.08523554 
   0.08517848 
   0.08492226 
   0.08411534 
   0.08315700 
   0.08171236 
   0.07993512 
   0.07822805 
   0.07687127 
   0.07574400 
   0.07487738 
   0.07463608 
   0.07415232 
   0.07358255 
   0.07300059 
   0.07300136 
   0.07300254 
   0.07300447 
   0.07300773 
   0.07301325 
   0.07302255 
   0.07303805 
   0.07306353 
   0.07310464 
   0.07316963 
   0.07327005 
   0.07342144 
   0.07364416 
   0.07396464 
   0.07441851 
   0.07505827 
   0.07596630 
   0.07725893 
   0.07901537 
   0.08105539 
   0.08261476 
   0.08361108 
   0.08391524 
   0.08351874 
   0.08270113 
   0.08159995 
   0.08008267 
   0.07845993 
   0.07668480 
   0.07496279 
   0.07378135 
   0.07300505 
   0.07268663 
   0.07254785 
   0.07243952 
   0.07248391 
   0.07256323 
   0.07272411 
   0.07302039 
   0.07367879 
   0.07495908 
   0.07642535 
   0.07776142 
   0.07899575 
   0.08019051 
   0.08130586 
   0.08244393 
   0.08341442 
   0.08449069 
   0.08543045 
   0.08593912 
   0.08611198 
   0.08614046 
   0.08564400 
   0.08468213 
   0.08336156 
   0.08164714 
   0.07970283 
   0.07795168 
   0.07662368 
   0.07563322 
   0.07470387 
   0.07382801 
   0.07300049 
   0.07300111 
   0.07300207 
   0.07300363 
   0.07300624 
   0.07301060 
   0.07301783 
   0.07302970 
   0.07304891 
   0.07307946 
   0.07312717 
   0.07320026 
   0.07331014 
   0.07347249 
   0.07370910 
   0.07405093 
   0.07454217 
   0.07524050 
   0.07619623 
   0.07737408 
   0.07848759 
   0.07901822 
   0.08029106 
   0.08184217 
   0.08293782 
   0.08321843 
   0.08266924 
   0.08164383 
   0.08010712 
   0.07821360 
   0.07639886 
   0.07444693 
   0.07301238 
   0.07208662 
   0.07163193 
   0.07143806 
   0.07130266 
   0.07133071 
   0.07141848 
   0.07149358 
   0.07176375 
   0.07240713 
   0.07352679 
   0.07508953 
   0.07646305 
   0.07786477 
   0.07923312 
   0.08057080 
   0.08201239 
   0.08324737 
   0.08439616 
   0.08577333 
   0.08666604 
   0.08708853 
   0.08725940 
   0.08704921 
   0.08641067 
   0.08528770 
   0.08371266 
   0.08167832 
   0.07932940 
   0.07721519 
   0.07553221 
   0.07418074 
   0.07300039 
   0.07300090 
   0.07300166 
   0.07300289 
   0.07300492 
   0.07300828 
   0.07301377 
   0.07302267 
   0.07303689 
   0.07305927 
   0.07309396 
   0.07314688 
   0.07322648 
   0.07334474 
   0.07351868 
   0.07377218 
   0.07413689 
   0.07464797 
   0.07532670 
   0.07614682 
   0.07703678 
   0.07811012 
   0.07943956 
   0.08046278 
   0.08154897 
   0.08267988 
   0.08342722 
   0.08335098 
   0.08243872 
   0.08103082 
   0.07908163 
   0.07695574 
   0.07486907 
   0.07302546 
   0.07177875 
   0.07106197 
   0.07073415 
   0.07061458 
   0.07056622 
   0.07071464 
   0.07076124 
   0.07082644 
   0.07141869 
   0.07231052 
   0.07380110 
   0.07523729 
   0.07671193 
   0.07824701 
   0.07981624 
   0.08155464 
   0.08312889 
   0.08442461 
   0.08589843 
   0.08712980 
   0.08776048 
   0.08811222 
   0.08808293 
   0.08747735 
   0.08628217 
   0.08431037 
   0.08169250 
   0.07872410 
   0.07637194 
   0.07454839 
   0.07300031 
   0.07300071 
   0.07300130 
   0.07300225 
   0.07300380 
   0.07300633 
   0.07301043 
   0.07301699 
   0.07302738 
   0.07304361 
   0.07306865 
   0.07310680 
   0.07316428 
   0.07325008 
   0.07337695 
   0.07356253 
   0.07382955 
   0.07420377 
   0.07470937 
   0.07537065 
   0.07624542 
   0.07745747 
   0.07898681 
   0.08062208 
   0.08190976 
   0.08280196 
   0.08347378 
   0.08401919 
   0.08423330 
   0.08363890 
   0.08238702 
   0.08063952 
   0.07837168 
   0.07600272 
   0.07370578 
   0.07207972 
   0.07111097 
   0.07064171 
   0.07048083 
   0.07042049 
   0.07042422 
   0.07038171 
   0.07023029 
   0.07063198 
   0.07145718 
   0.07277439 
   0.07430935 
   0.07578071 
   0.07753993 
   0.07912771 
   0.08107999 
   0.08290730 
   0.08442011 
   0.08585862 
   0.08729761 
   0.08823079 
   0.08842337 
   0.08825445 
   0.08736107 
   0.08561806 
   0.08298050 
   0.07975333 
   0.07701768 
   0.07484769 
   0.07300024 
   0.07300055 
   0.07300100 
   0.07300172 
   0.07300289 
   0.07300476 
   0.07300777 
   0.07301254 
   0.07302005 
   0.07303172 
   0.07304968 
   0.07307703 
   0.07311834 
   0.07318021 
   0.07327211 
   0.07340723 
   0.07360336 
   0.07388378 
   0.07428006 
   0.07484036 
   0.07563887 
   0.07674169 
   0.07808035 
   0.07961618 
   0.08122835 
   0.08259260 
   0.08355405 
   0.08418899 
   0.08448031 
   0.08464172 
   0.08444744 
   0.08358154 
   0.08207833 
   0.08005271 
   0.07763388 
   0.07518725 
   0.07314062 
   0.07185869 
   0.07112073 
   0.07075757 
   0.07055032 
   0.07041333 
   0.07021816 
   0.06992243 
   0.06996446 
   0.07068387 
   0.07194791 
   0.07363044 
   0.07515425 
   0.07694942 
   0.07865875 
   0.08051783 
   0.08253384 
   0.08422255 
   0.08568430 
   0.08718899 
   0.08822780 
   0.08840564 
   0.08771968 
   0.08619682 
   0.08360436 
   0.08034225 
   0.07741700 
   0.07504119 
   0.07300019 
   0.07300042 
   0.07300076 
   0.07300130 
   0.07300215 
   0.07300352 
   0.07300570 
   0.07300914 
   0.07301451 
   0.07302283 
   0.07303561 
   0.07305507 
   0.07308451 
   0.07312875 
   0.07319477 
   0.07329264 
   0.07343681 
   0.07364849 
   0.07396003 
   0.07442206 
   0.07510883 
   0.07611462 
   0.07755930 
   0.07938708 
   0.08080431 
   0.08184422 
   0.08264255 
   0.08333576 
   0.08394207 
   0.08426332 
   0.08433637 
   0.08427672 
   0.08387260 
   0.08283403 
   0.08130624 
   0.07926669 
   0.07688749 
   0.07453379 
   0.07282880 
   0.07166391 
   0.07105414 
   0.07064627 
   0.07037703 
   0.07020357 
   0.06988637 
   0.06972505 
   0.07019721 
   0.07134905 
   0.07299199 
   0.07462099 
   0.07628366 
   0.07815867 
   0.07990659 
   0.08202618 
   0.08379309 
   0.08518710 
   0.08661844 
   0.08752874 
   0.08742808 
   0.08623776 
   0.08398346 
   0.08057639 
   0.07757320 
   0.07512021 
   0.07300014 
   0.07300031 
   0.07300057 
   0.07300096 
   0.07300158 
   0.07300257 
   0.07300413 
   0.07300657 
   0.07301037 
   0.07301624 
   0.07302523 
   0.07303890 
   0.07305960 
   0.07309073 
   0.07313735 
   0.07320691 
   0.07331055 
   0.07346534 
   0.07369796 
   0.07405008 
   0.07458494 
   0.07539447 
   0.07658706 
   0.07818877 
   0.07973226 
   0.08069896 
   0.08129085 
   0.08171897 
   0.08206282 
   0.08251669 
   0.08300562 
   0.08340447 
   0.08349278 
   0.08345537 
   0.08309780 
   0.08205064 
   0.08040694 
   0.07824975 
   0.07581604 
   0.07372152 
   0.07229779 
   0.07143475 
   0.07090393 
   0.07048072 
   0.07027389 
   0.06990980 
   0.06966246 
   0.06992784 
   0.07085988 
   0.07238561 
   0.07408931 
   0.07565806 
   0.07761622 
   0.07933316 
   0.08143787 
   0.08318489 
   0.08448608 
   0.08539881 
   0.08593641 
   0.08537774 
   0.08337376 
   0.08034265 
   0.07747481 
   0.07508426 
   0.07300010 
   0.07300023 
   0.07300042 
   0.07300070 
   0.07300115 
   0.07300185 
   0.07300295 
   0.07300466 
   0.07300731 
   0.07301138 
   0.07301759 
   0.07302700 
   0.07304117 
   0.07306243 
   0.07309413 
   0.07314126 
   0.07321121 
   0.07331502 
   0.07346911 
   0.07369734 
   0.07403214 
   0.07451146 
   0.07516277 
   0.07597206 
   0.07685349 
   0.07710615 
   0.07728348 
   0.07760154 
   0.07817869 
   0.07896912 
   0.07992244 
   0.08088091 
   0.08181097 
   0.08252062 
   0.08281104 
   0.08264401 
   0.08210815 
   0.08095456 
   0.07923919 
   0.07707942 
   0.07471772 
   0.07284895 
   0.07165172 
   0.07097916 
   0.07053539 
   0.07030626 
   0.07000087 
   0.06970463 
   0.06988770 
   0.07058217 
   0.07190284 
   0.07352002 
   0.07502823 
   0.07678586 
   0.07858166 
   0.08061961 
   0.08243870 
   0.08344154 
   0.08382740 
   0.08360873 
   0.08230519 
   0.07971823 
   0.07714569 
   0.07494465 
   0.07300008 
   0.07300017 
   0.07300030 
   0.07300050 
   0.07300082 
   0.07300131 
   0.07300207 
   0.07300325 
   0.07300505 
   0.07300781 
   0.07301197 
   0.07301821 
   0.07302750 
   0.07304120 
   0.07306123 
   0.07309019 
   0.07313155 
   0.07318955 
   0.07326858 
   0.07337079 
   0.07348947 
   0.07359283 
   0.07358751 
   0.07324110 
   0.07207795 
   0.07090070 
   0.07055621 
   0.07093216 
   0.07195364 
   0.07340683 
   0.07495918 
   0.07653263 
   0.07807318 
   0.07938279 
   0.08046362 
   0.08139573 
   0.08186370 
   0.08173506 
   0.08105583 
   0.07987516 
   0.07813852 
   0.07594373 
   0.07372944 
   0.07208248 
   0.07111751 
   0.07056007 
   0.07024760 
   0.06994270 
   0.06951865 
   0.06955110 
   0.07013122 
   0.07136332 
   0.07293552 
   0.07454671 
   0.07614691 
   0.07783759 
   0.07952160 
   0.08132528 
   0.08218600 
   0.08186476 
   0.08082249 
   0.07881722 
   0.07665092 
   0.07472599 
   0.07300005 
   0.07300012 
   0.07300021 
   0.07300036 
   0.07300057 
   0.07300091 
   0.07300142 
   0.07300221 
   0.07300341 
   0.07300520 
   0.07300786 
   0.07301175 
   0.07301736 
   0.07302530 
   0.07303623 
   0.07305067 
   0.07306854 
   0.07308793 
   0.07310246 
   0.07309564 
   0.07302943 
   0.07282316 
   0.07232174 
   0.07128336 
   0.06958513 
   0.06763288 
   0.06613351 
   0.06555930 
   0.06587580 
   0.06685884 
   0.06834708 
   0.07010443 
   0.07203710 
   0.07397801 
   0.07581180 
   0.07749852 
   0.07889280 
   0.07992121 
   0.08054604 
   0.08057795 
   0.07999063 
   0.07873924 
   0.07694664 
   0.07480513 
   0.07284506 
   0.07152616 
   0.07069125 
   0.07015608 
   0.06973320 
   0.06921436 
   0.06905932 
   0.06951709 
   0.07075501 
   0.07240274 
   0.07397344 
   0.07544548 
   0.07701410 
   0.07828410 
   0.07966593 
   0.08029535 
   0.07950690 
   0.07785331 
   0.07606079 
   0.07445011 
   0.07300004 
   0.07300008 
   0.07300015 
   0.07300025 
   0.07300039 
   0.07300062 
   0.07300095 
   0.07300146 
   0.07300221 
   0.07300330 
   0.07300487 
   0.07300704 
   0.07300994 
   0.07301358 
   0.07301766 
   0.07302110 
   0.07302111 
   0.07301133 
   0.07297806 
   0.07289345 
   0.07270343 
   0.07230970 
   0.07155181 
   0.07021889 
   0.06813399 
   0.06530927 
   0.06278911 
   0.06143151 
   0.06117210 
   0.06171139 
   0.06277856 
   0.06420116 
   0.06586179 
   0.06773344 
   0.06975658 
   0.07182111 
   0.07386431 
   0.07577047 
   0.07735819 
   0.07849907 
   0.07910443 
   0.07913231 
   0.07864464 
   0.07748405 
   0.07581079 
   0.07388991 
   0.07228330 
   0.07111690 
   0.07020229 
   0.06966243 
   0.06911649 
   0.06882665 
   0.06907777 
   0.07009124 
   0.07189823 
   0.07357896 
   0.07488752 
   0.07625855 
   0.07712029 
   0.07786497 
   0.07791803 
   0.07676314 
   0.07536278 
   0.07411410 
   0.07300003 
   0.07300006 
   0.07300010 
   0.07300017 
   0.07300026 
   0.07300040 
   0.07300061 
   0.07300092 
   0.07300135 
   0.07300195 
   0.07300273 
   0.07300368 
   0.07300465 
   0.07300525 
   0.07300451 
   0.07300034 
   0.07298833 
   0.07295970 
   0.07289747 
   0.07276998 
   0.07252072 
   0.07205498 
   0.07122786 
   0.06984491 
   0.06769023 
   0.06463505 
   0.06099561 
   0.05901026 
   0.05818032 
   0.05821823 
   0.05888726 
   0.05994916 
   0.06130760 
   0.06288136 
   0.06464172 
   0.06652417 
   0.06851793 
   0.07062324 
   0.07260412 
   0.07439346 
   0.07587332 
   0.07708339 
   0.07774821 
   0.07788532 
   0.07731826 
   0.07607052 
   0.07432684 
   0.07266007 
   0.07135979 
   0.07026351 
   0.06947013 
   0.06884603 
   0.06829701 
   0.06830349 
   0.06907784 
   0.07078673 
   0.07264975 
   0.07401529 
   0.07519082 
   0.07575426 
   0.07592440 
   0.07536896 
   0.07448936 
   0.07369631 
   0.07300002 
   0.07300004 
   0.07300007 
   0.07300011 
   0.07300017 
   0.07300025 
   0.07300037 
   0.07300054 
   0.07300075 
   0.07300101 
   0.07300125 
   0.07300137 
   0.07300106 
   0.07299968 
   0.07299593 
   0.07298721 
   0.07296853 
   0.07293056 
   0.07285628 
   0.07271583 
   0.07245889 
   0.07200561 
   0.07123868 
   0.07000386 
   0.06813595 
   0.06555867 
   0.06254936 
   0.06003024 
   0.05855681 
   0.05791828 
   0.05797233 
   0.05848652 
   0.05927293 
   0.06030285 
   0.06156462 
   0.06304911 
   0.06464417 
   0.06632966 
   0.06803026 
   0.06977236 
   0.07161059 
   0.07330346 
   0.07476682 
   0.07577476 
   0.07641061 
   0.07639718 
   0.07578734 
   0.07444357 
   0.07270622 
   0.07107427 
   0.06986739 
   0.06879944 
   0.06791482 
   0.06705974 
   0.06675744 
   0.06720563 
   0.06861745 
   0.07059131 
   0.07221891 
   0.07335506 
   0.07377618 
   0.07365360 
   0.07340500 
   0.07318286 
   0.07300001 
   0.07300003 
   0.07300004 
   0.07300007 
   0.07300010 
   0.07300015 
   0.07300021 
   0.07300028 
   0.07300035 
   0.07300037 
   0.07300028 
   0.07299988 
   0.07299880 
   0.07299632 
   0.07299102 
   0.07298027 
   0.07295925 
   0.07291936 
   0.07284567 
   0.07271318 
   0.07248187 
   0.07209139 
   0.07145797 
   0.07048007 
   0.06906705 
   0.06721520 
   0.06513242 
   0.06324216 
   0.06185995 
   0.06097628 
   0.06042864 
   0.06020268 
   0.06029513 
   0.06069362 
   0.06132613 
   0.06212667 
   0.06309621 
   0.06413866 
   0.06534457 
   0.06670367 
   0.06811151 
   0.06956451 
   0.07101499 
   0.07246532 
   0.07366327 
   0.07465125 
   0.07505596 
   0.07490332 
   0.07409414 
   0.07271232 
   0.07088763 
   0.06933977 
   0.06810273 
   0.06692537 
   0.06565633 
   0.06485939 
   0.06489355 
   0.06594699 
   0.06774480 
   0.06944301 
   0.07065024 
   0.07154705 
   0.07212055 
   0.07259106 
   0.07300001 
   0.07300002 
   0.07300003 
   0.07300004 
   0.07300006 
   0.07300008 
   0.07300010 
   0.07300011 
   0.07300008 
   0.07299998 
   0.07299969 
   0.07299901 
   0.07299757 
   0.07299463 
   0.07298889 
   0.07297795 
   0.07295763 
   0.07292075 
   0.07285540 
   0.07274248 
   0.07255295 
   0.07224542 
   0.07176661 
   0.07105910 
   0.07008406 
   0.06886318 
   0.06751875 
   0.06624681 
   0.06520082 
   0.06440976 
   0.06383371 
   0.06345881 
   0.06327603 
   0.06322884 
   0.06328544 
   0.06342738 
   0.06369506 
   0.06415965 
   0.06477232 
   0.06551790 
   0.06643187 
   0.06746026 
   0.06860382 
   0.06975842 
   0.07087748 
   0.07192556 
   0.07292498 
   0.07360891 
   0.07386377 
   0.07356715 
   0.07264682 
   0.07104065 
   0.06921522 
   0.06779982 
   0.06644702 
   0.06489939 
   0.06360991 
   0.06292402 
   0.06345541 
   0.06522706 
   0.06731455 
   0.06920035 
   0.07078422 
   0.07200152 
   0.07300000 
   0.07300001 
   0.07300001 
   0.07300002 
   0.07300003 
   0.07300003 
   0.07300003 
   0.07300000 
   0.07299993 
   0.07299975 
   0.07299937 
   0.07299860 
   0.07299707 
   0.07299415 
   0.07298869 
   0.07297872 
   0.07296088 
   0.07292964 
   0.07287615 
   0.07278690 
   0.07264234 
   0.07241634 
   0.07207798 
   0.07159814 
   0.07096333 
   0.07019434 
   0.06935655 
   0.06854202 
   0.06782608 
   0.06723824 
   0.06677569 
   0.06642966 
   0.06618452 
   0.06601263 
   0.06589397 
   0.06582678 
   0.06582726 
   0.06589081 
   0.06603804 
   0.06626506 
   0.06659291 
   0.06706232 
   0.06766153 
   0.06834489 
   0.06910816 
   0.06991786 
   0.07073232 
   0.07150592 
   0.07220784 
   0.07267332 
   0.07278213 
   0.07236384 
   0.07135530 
   0.06972664 
   0.06799251 
   0.06654998 
   0.06500651 
   0.06363502 
   0.06265273 
   0.06276978 
   0.06455585 
   0.06735688 
   0.06978110 
   0.07156124 
   0.07300000 
   0.07300000 
   0.07300001 
   0.07300001 
   0.07300001 
   0.07300000 
   0.07299999 
   0.07299994 
   0.07299985 
   0.07299965 
   0.07299925 
   0.07299849 
   0.07299707 
   0.07299444 
   0.07298969 
   0.07298129 
   0.07296672 
   0.07294195 
   0.07290083 
   0.07283437 
   0.07273022 
   0.07257291 
   0.07234565 
   0.07203471 
   0.07163656 
   0.07116535 
   0.07065481 
   0.07014914 
   0.06968629 
   0.06928665 
   0.06895477 
   0.06868657 
   0.06847203 
   0.06829760 
   0.06815314 
   0.06803643 
   0.06794941 
   0.06789387 
   0.06787746 
   0.06790698 
   0.06799152 
   0.06812819 
   0.06830417 
   0.06857196 
   0.06888748 
   0.06926824 
   0.06971020 
   0.07020422 
   0.07070207 
   0.07114682 
   0.07152810 
   0.07174808 
   0.07164367 
   0.07103720 
   0.06990865 
   0.06830728 
   0.06682653 
   0.06566292 
   0.06464528 
   0.06421194 
   0.06485236 
   0.06710856 
   0.06946680 
   0.07138600 
   0.07300000 
   0.07300000 
   0.07300000 
   0.07300000 
   0.07300000 
   0.07299999 
   0.07299997 
   0.07299992 
   0.07299982 
   0.07299963 
   0.07299927 
   0.07299859 
   0.07299737 
   0.07299517 
   0.07299132 
   0.07298468 
   0.07297345 
   0.07295488 
   0.07292490 
   0.07287782 
   0.07280624 
   0.07270142 
   0.07255468 
   0.07235982 
   0.07211658 
   0.07183346 
   0.07152766 
   0.07122083 
   0.07093233 
   0.07067438 
   0.07045143 
   0.07026213 
   0.07010141 
   0.06996264 
   0.06984052 
   0.06973271 
   0.06963907 
   0.06956110 
   0.06950231 
   0.06946656 
   0.06945568 
   0.06946777 
   0.06950719 
   0.06958746 
   0.06970370 
   0.06984608 
   0.06998528 
   0.07015825 
   0.07037410 
   0.07060316 
   0.07079984 
   0.07099454 
   0.07099058 
   0.07079399 
   0.07035404 
   0.06965459 
   0.06855700 
   0.06717895 
   0.06634873 
   0.06596050 
   0.06642753 
   0.06781044 
   0.06971440 
   0.07145710 
   0.07300000 
   0.07300000 
   0.07300000 
   0.07300000 
   0.07299999 
   0.07299998 
   0.07299996 
   0.07299992 
   0.07299983 
   0.07299966 
   0.07299936 
   0.07299881 
   0.07299783 
   0.07299612 
   0.07299318 
   0.07298823 
   0.07298005 
   0.07296684 
   0.07294603 
   0.07291418 
   0.07286704 
   0.07279987 
   0.07270829 
   0.07258962 
   0.07244438 
   0.07227735 
   0.07209730 
   0.07191496 
   0.07174023 
   0.07157993 
   0.07143716 
   0.07131175 
   0.07120139 
   0.07110288 
   0.07101341 
   0.07093138 
   0.07085638 
   0.07078911 
   0.07073110 
   0.07068389 
   0.07064819 
   0.07062456 
   0.07061611 
   0.07062671 
   0.07065437 
   0.07069083 
   0.07073124 
   0.07078901 
   0.07087156 
   0.07096239 
   0.07102777 
   0.07100565 
   0.07091445 
   0.07075646 
   0.07049094 
   0.07004697 
   0.06951244 
   0.06888638 
   0.06800619 
   0.06728240 
   0.06745851 
   0.06867155 
   0.07022968 
   0.07168252 
   0.07300000 
   0.07300000 
   0.07300000 
   0.07300000 
   0.07299999 
   0.07299998 
   0.07299996 
   0.07299993 
   0.07299986 
   0.07299973 
   0.07299950 
   0.07299909 
   0.07299837 
   0.07299713 
   0.07299505 
   0.07299160 
   0.07298601 
   0.07297716 
   0.07296352 
   0.07294310 
   0.07291354 
   0.07287237 
   0.07281745 
   0.07274763 
   0.07266345 
   0.07256751 
   0.07246422 
   0.07235891 
   0.07225659 
   0.07216093 
   0.07207379 
   0.07199538 
   0.07192473 
   0.07186031 
   0.07180070 
   0.07174494 
   0.07169269 
   0.07164419 
   0.07160005 
   0.07156091 
   0.07152728 
   0.07149994 
   0.07148026 
   0.07146926 
   0.07146568 
   0.07146668 
   0.07147213 
   0.07148640 
   0.07151044 
   0.07153341 
   0.07153238 
   0.07148709 
   0.07140200 
   0.07127712 
   0.07108440 
   0.07078409 
   0.07033953 
   0.06983071 
   0.06934262 
   0.06911891 
   0.06911753 
   0.06976062 
   0.07090618 
   0.07199466 
   0.07300000 
   0.07300000 
   0.07300000 
   0.07300000 
   0.07299999 
   0.07299999 
   0.07299997 
   0.07299995 
   0.07299990 
   0.07299981 
   0.07299966 
   0.07299939 
   0.07299892 
   0.07299812 
   0.07299680 
   0.07299464 
   0.07299120 
   0.07298584 
   0.07297770 
   0.07296573 
   0.07294871 
   0.07292540 
   0.07289481 
   0.07285647 
   0.07281075 
   0.07275896 
   0.07270325 
   0.07264619 
   0.07259020 
   0.07253714 
   0.07248804 
   0.07244312 
   0.07240200 
   0.07236399 
   0.07232840 
   0.07229472 
   0.07226274 
   0.07223251 
   0.07220425 
   0.07217826 
   0.07215486 
   0.07213451 
   0.07211775 
   0.07210480 
   0.07209515 
   0.07208805 
   0.07208379 
   0.07208340 
   0.07208573 
   0.07208442 
   0.07206924 
   0.07203267 
   0.07197348 
   0.07188729 
   0.07175769 
   0.07156134 
   0.07129321 
   0.07099744 
   0.07075080 
   0.07062945 
   0.07069046 
   0.07105130 
   0.07166753 
   0.07234419 
   0.07300000 
   0.07300000 
   0.07300000 
   0.07300000 
   0.07300000 
   0.07299999 
   0.07299999 
   0.07299997 
   0.07299995 
   0.07299990 
   0.07299983 
   0.07299969 
   0.07299946 
   0.07299908 
   0.07299844 
   0.07299741 
   0.07299577 
   0.07299325 
   0.07298948 
   0.07298398 
   0.07297625 
   0.07296578 
   0.07295218 
   0.07293529 
   0.07291527 
   0.07289269 
   0.07286842 
   0.07284347 
   0.07281886 
   0.07279534 
   0.07277336 
   0.07275306 
   0.07273429 
   0.07271681 
   0.07270034 
   0.07268465 
   0.07266965 
   0.07265533 
   0.07264178 
   0.07262910 
   0.07261745 
   0.07260702 
   0.07259800 
   0.07259041 
   0.07258412 
   0.07257897 
   0.07257507 
   0.07257251 
   0.07257037 
   0.07256592 
   0.07255542 
   0.07253600 
   0.07250607 
   0.07246233 
   0.07239732 
   0.07230290 
   0.07218079 
   0.07205102 
   0.07194601 
   0.07189824 
   0.07194071 
   0.07210422 
   0.07237184 
   0.07268363 
