   0.00021327 
   0.00021327 
   0.00021326 
   0.00021325 
   0.00021324 
   0.00021323 
   0.00021321 
   0.00021320 
   0.00021318 
   0.00021317 
   0.00021316 
   0.00021315 
   0.00021315 
   0.00021314 
   0.00021314 
   0.00021314 
   0.00021313 
   0.00021313 
   0.00021313 
   0.00021313 
   0.00021313 
   0.00021313 
   0.00021313 
   0.00021313 
   0.00021314 
   0.00021314 
   0.00021314 
   0.00021314 
   0.00021315 
   0.00021316 
   0.00021316 
   0.00021317 
   0.00021318 
   0.00021319 
   0.00021320 
   0.00021322 
   0.00021323 
   0.00021325 
   0.00021327 
   0.00021329 
   0.00021331 
   0.00021333 
   0.00021334 
   0.00021336 
   0.00021338 
   0.00021340 
   0.00021341 
   0.00021343 
   0.00021343 
   0.00021343 
   0.00021342 
   0.00021340 
   0.00021336 
   0.00021331 
   0.00021324 
   0.00021319 
   0.00021316 
   0.00021316 
   0.00021319 
   0.00021321 
   0.00021323 
   0.00021325 
   0.00021326 
   0.00021326 
   0.00021327 
   0.00021327 
   0.00021326 
   0.00021325 
   0.00021323 
   0.00021319 
   0.00021316 
   0.00021312 
   0.00021309 
   0.00021306 
   0.00021304 
   0.00021302 
   0.00021301 
   0.00021300 
   0.00021299 
   0.00021298 
   0.00021298 
   0.00021297 
   0.00021297 
   0.00021297 
   0.00021297 
   0.00021297 
   0.00021298 
   0.00021298 
   0.00021298 
   0.00021299 
   0.00021299 
   0.00021300 
   0.00021301 
   0.00021303 
   0.00021304 
   0.00021306 
   0.00021308 
   0.00021310 
   0.00021313 
   0.00021316 
   0.00021320 
   0.00021324 
   0.00021328 
   0.00021332 
   0.00021336 
   0.00021340 
   0.00021344 
   0.00021347 
   0.00021351 
   0.00021355 
   0.00021358 
   0.00021361 
   0.00021362 
   0.00021362 
   0.00021359 
   0.00021354 
   0.00021345 
   0.00021333 
   0.00021319 
   0.00021306 
   0.00021301 
   0.00021303 
   0.00021310 
   0.00021316 
   0.00021321 
   0.00021323 
   0.00021325 
   0.00021326 
   0.00021328 
   0.00021329 
   0.00021329 
   0.00021327 
   0.00021323 
   0.00021317 
   0.00021310 
   0.00021304 
   0.00021298 
   0.00021292 
   0.00021288 
   0.00021285 
   0.00021282 
   0.00021280 
   0.00021279 
   0.00021277 
   0.00021277 
   0.00021276 
   0.00021276 
   0.00021276 
   0.00021276 
   0.00021276 
   0.00021277 
   0.00021277 
   0.00021278 
   0.00021279 
   0.00021280 
   0.00021282 
   0.00021284 
   0.00021286 
   0.00021289 
   0.00021292 
   0.00021296 
   0.00021300 
   0.00021304 
   0.00021310 
   0.00021316 
   0.00021323 
   0.00021330 
   0.00021337 
   0.00021344 
   0.00021351 
   0.00021357 
   0.00021363 
   0.00021369 
   0.00021374 
   0.00021380 
   0.00021383 
   0.00021385 
   0.00021383 
   0.00021376 
   0.00021365 
   0.00021348 
   0.00021326 
   0.00021303 
   0.00021282 
   0.00021276 
   0.00021287 
   0.00021301 
   0.00021312 
   0.00021319 
   0.00021323 
   0.00021325 
   0.00021326 
   0.00021331 
   0.00021335 
   0.00021336 
   0.00021334 
   0.00021328 
   0.00021318 
   0.00021306 
   0.00021295 
   0.00021284 
   0.00021275 
   0.00021268 
   0.00021262 
   0.00021258 
   0.00021254 
   0.00021252 
   0.00021249 
   0.00021248 
   0.00021247 
   0.00021247 
   0.00021247 
   0.00021247 
   0.00021248 
   0.00021249 
   0.00021250 
   0.00021252 
   0.00021253 
   0.00021255 
   0.00021258 
   0.00021261 
   0.00021265 
   0.00021270 
   0.00021275 
   0.00021281 
   0.00021288 
   0.00021295 
   0.00021304 
   0.00021314 
   0.00021325 
   0.00021336 
   0.00021347 
   0.00021358 
   0.00021368 
   0.00021378 
   0.00021386 
   0.00021393 
   0.00021400 
   0.00021405 
   0.00021408 
   0.00021408 
   0.00021401 
   0.00021387 
   0.00021364 
   0.00021332 
   0.00021294 
   0.00021254 
   0.00021235 
   0.00021245 
   0.00021272 
   0.00021296 
   0.00021311 
   0.00021319 
   0.00021324 
   0.00021326 
   0.00021326 
   0.00021338 
   0.00021348 
   0.00021354 
   0.00021354 
   0.00021345 
   0.00021329 
   0.00021310 
   0.00021290 
   0.00021273 
   0.00021258 
   0.00021246 
   0.00021236 
   0.00021228 
   0.00021222 
   0.00021217 
   0.00021213 
   0.00021210 
   0.00021209 
   0.00021208 
   0.00021209 
   0.00021210 
   0.00021212 
   0.00021214 
   0.00021216 
   0.00021219 
   0.00021223 
   0.00021225 
   0.00021229 
   0.00021235 
   0.00021241 
   0.00021249 
   0.00021258 
   0.00021268 
   0.00021279 
   0.00021291 
   0.00021304 
   0.00021319 
   0.00021334 
   0.00021350 
   0.00021365 
   0.00021379 
   0.00021392 
   0.00021403 
   0.00021413 
   0.00021420 
   0.00021425 
   0.00021425 
   0.00021422 
   0.00021412 
   0.00021394 
   0.00021364 
   0.00021324 
   0.00021276 
   0.00021226 
   0.00021196 
   0.00021198 
   0.00021228 
   0.00021271 
   0.00021300 
   0.00021316 
   0.00021323 
   0.00021326 
   0.00021327 
   0.00021327 
   0.00021349 
   0.00021373 
   0.00021395 
   0.00021404 
   0.00021394 
   0.00021368 
   0.00021336 
   0.00021305 
   0.00021276 
   0.00021252 
   0.00021231 
   0.00021214 
   0.00021201 
   0.00021189 
   0.00021180 
   0.00021172 
   0.00021167 
   0.00021164 
   0.00021164 
   0.00021166 
   0.00021169 
   0.00021173 
   0.00021177 
   0.00021183 
   0.00021188 
   0.00021194 
   0.00021201 
   0.00021207 
   0.00021214 
   0.00021224 
   0.00021235 
   0.00021247 
   0.00021259 
   0.00021272 
   0.00021287 
   0.00021304 
   0.00021323 
   0.00021343 
   0.00021362 
   0.00021381 
   0.00021396 
   0.00021408 
   0.00021418 
   0.00021426 
   0.00021431 
   0.00021431 
   0.00021425 
   0.00021412 
   0.00021390 
   0.00021357 
   0.00021315 
   0.00021267 
   0.00021220 
   0.00021197 
   0.00021203 
   0.00021227 
   0.00021262 
   0.00021299 
   0.00021320 
   0.00021329 
   0.00021331 
   0.00021331 
   0.00021330 
   0.00021328 
   0.00021367 
   0.00021413 
   0.00021485 
   0.00021521 
   0.00021510 
   0.00021471 
   0.00021423 
   0.00021373 
   0.00021328 
   0.00021288 
   0.00021254 
   0.00021223 
   0.00021197 
   0.00021176 
   0.00021160 
   0.00021148 
   0.00021137 
   0.00021131 
   0.00021129 
   0.00021128 
   0.00021131 
   0.00021134 
   0.00021140 
   0.00021147 
   0.00021154 
   0.00021162 
   0.00021171 
   0.00021181 
   0.00021193 
   0.00021206 
   0.00021220 
   0.00021234 
   0.00021249 
   0.00021266 
   0.00021284 
   0.00021304 
   0.00021325 
   0.00021349 
   0.00021369 
   0.00021388 
   0.00021405 
   0.00021418 
   0.00021426 
   0.00021434 
   0.00021436 
   0.00021432 
   0.00021425 
   0.00021411 
   0.00021386 
   0.00021351 
   0.00021313 
   0.00021281 
   0.00021274 
   0.00021296 
   0.00021326 
   0.00021350 
   0.00021354 
   0.00021356 
   0.00021354 
   0.00021349 
   0.00021343 
   0.00021337 
   0.00021333 
   0.00021329 
   0.00021386 
   0.00021471 
   0.00021606 
   0.00021680 
   0.00021671 
   0.00021624 
   0.00021558 
   0.00021490 
   0.00021427 
   0.00021369 
   0.00021316 
   0.00021269 
   0.00021229 
   0.00021198 
   0.00021172 
   0.00021151 
   0.00021137 
   0.00021125 
   0.00021114 
   0.00021107 
   0.00021104 
   0.00021107 
   0.00021109 
   0.00021113 
   0.00021119 
   0.00021128 
   0.00021142 
   0.00021158 
   0.00021174 
   0.00021192 
   0.00021211 
   0.00021231 
   0.00021250 
   0.00021269 
   0.00021290 
   0.00021312 
   0.00021332 
   0.00021349 
   0.00021368 
   0.00021389 
   0.00021406 
   0.00021421 
   0.00021437 
   0.00021444 
   0.00021447 
   0.00021446 
   0.00021436 
   0.00021415 
   0.00021393 
   0.00021371 
   0.00021360 
   0.00021371 
   0.00021413 
   0.00021459 
   0.00021489 
   0.00021487 
   0.00021453 
   0.00021414 
   0.00021390 
   0.00021370 
   0.00021355 
   0.00021343 
   0.00021335 
   0.00021330 
   0.00021387 
   0.00021464 
   0.00021556 
   0.00021649 
   0.00021666 
   0.00021627 
   0.00021575 
   0.00021523 
   0.00021470 
   0.00021415 
   0.00021362 
   0.00021314 
   0.00021273 
   0.00021237 
   0.00021206 
   0.00021178 
   0.00021156 
   0.00021138 
   0.00021124 
   0.00021112 
   0.00021104 
   0.00021101 
   0.00021102 
   0.00021106 
   0.00021113 
   0.00021125 
   0.00021139 
   0.00021154 
   0.00021173 
   0.00021190 
   0.00021208 
   0.00021227 
   0.00021246 
   0.00021264 
   0.00021281 
   0.00021298 
   0.00021314 
   0.00021330 
   0.00021346 
   0.00021362 
   0.00021378 
   0.00021395 
   0.00021412 
   0.00021425 
   0.00021431 
   0.00021429 
   0.00021419 
   0.00021403 
   0.00021386 
   0.00021378 
   0.00021388 
   0.00021429 
   0.00021472 
   0.00021497 
   0.00021493 
   0.00021459 
   0.00021453 
   0.00021450 
   0.00021416 
   0.00021385 
   0.00021363 
   0.00021346 
   0.00021337 
   0.00021331 
   0.00021370 
   0.00021417 
   0.00021459 
   0.00021473 
   0.00021477 
   0.00021472 
   0.00021456 
   0.00021430 
   0.00021398 
   0.00021367 
   0.00021335 
   0.00021307 
   0.00021280 
   0.00021253 
   0.00021226 
   0.00021203 
   0.00021182 
   0.00021167 
   0.00021154 
   0.00021144 
   0.00021136 
   0.00021130 
   0.00021127 
   0.00021127 
   0.00021129 
   0.00021132 
   0.00021139 
   0.00021149 
   0.00021162 
   0.00021178 
   0.00021193 
   0.00021210 
   0.00021228 
   0.00021247 
   0.00021265 
   0.00021280 
   0.00021296 
   0.00021314 
   0.00021331 
   0.00021351 
   0.00021375 
   0.00021396 
   0.00021409 
   0.00021416 
   0.00021414 
   0.00021404 
   0.00021390 
   0.00021376 
   0.00021371 
   0.00021383 
   0.00021424 
   0.00021469 
   0.00021491 
   0.00021484 
   0.00021456 
   0.00021460 
   0.00021471 
   0.00021445 
   0.00021412 
   0.00021389 
   0.00021358 
   0.00021343 
   0.00021335 
   0.00021330 
   0.00021349 
   0.00021368 
   0.00021372 
   0.00021348 
   0.00021290 
   0.00021275 
   0.00021272 
   0.00021265 
   0.00021248 
   0.00021230 
   0.00021222 
   0.00021217 
   0.00021210 
   0.00021203 
   0.00021198 
   0.00021194 
   0.00021188 
   0.00021178 
   0.00021169 
   0.00021160 
   0.00021152 
   0.00021146 
   0.00021140 
   0.00021137 
   0.00021137 
   0.00021138 
   0.00021140 
   0.00021147 
   0.00021157 
   0.00021170 
   0.00021182 
   0.00021197 
   0.00021211 
   0.00021228 
   0.00021247 
   0.00021261 
   0.00021277 
   0.00021300 
   0.00021324 
   0.00021347 
   0.00021362 
   0.00021372 
   0.00021381 
   0.00021385 
   0.00021383 
   0.00021374 
   0.00021365 
   0.00021361 
   0.00021369 
   0.00021400 
   0.00021433 
   0.00021448 
   0.00021436 
   0.00021402 
   0.00021398 
   0.00021413 
   0.00021403 
   0.00021388 
   0.00021370 
   0.00021347 
   0.00021341 
   0.00021336 
   0.00021332 
   0.00021329 
   0.00021333 
   0.00021334 
   0.00021321 
   0.00021288 
   0.00021240 
   0.00021192 
   0.00021155 
   0.00021128 
   0.00021110 
   0.00021094 
   0.00021080 
   0.00021073 
   0.00021069 
   0.00021074 
   0.00021084 
   0.00021096 
   0.00021105 
   0.00021113 
   0.00021122 
   0.00021128 
   0.00021132 
   0.00021131 
   0.00021133 
   0.00021137 
   0.00021141 
   0.00021145 
   0.00021148 
   0.00021154 
   0.00021161 
   0.00021168 
   0.00021177 
   0.00021189 
   0.00021205 
   0.00021221 
   0.00021238 
   0.00021262 
   0.00021288 
   0.00021311 
   0.00021331 
   0.00021343 
   0.00021353 
   0.00021358 
   0.00021358 
   0.00021349 
   0.00021337 
   0.00021330 
   0.00021324 
   0.00021326 
   0.00021345 
   0.00021373 
   0.00021382 
   0.00021367 
   0.00021335 
   0.00021317 
   0.00021325 
   0.00021324 
   0.00021324 
   0.00021318 
   0.00021311 
   0.00021317 
   0.00021326 
   0.00021330 
   0.00021330 
   0.00021329 
   0.00021324 
   0.00021316 
   0.00021298 
   0.00021266 
   0.00021223 
   0.00021173 
   0.00021097 
   0.00021031 
   0.00020998 
   0.00020982 
   0.00020969 
   0.00020956 
   0.00020951 
   0.00020952 
   0.00020959 
   0.00020969 
   0.00020987 
   0.00021008 
   0.00021030 
   0.00021052 
   0.00021078 
   0.00021101 
   0.00021121 
   0.00021136 
   0.00021150 
   0.00021163 
   0.00021173 
   0.00021179 
   0.00021184 
   0.00021189 
   0.00021195 
   0.00021206 
   0.00021221 
   0.00021243 
   0.00021264 
   0.00021284 
   0.00021301 
   0.00021314 
   0.00021327 
   0.00021334 
   0.00021336 
   0.00021332 
   0.00021322 
   0.00021311 
   0.00021300 
   0.00021288 
   0.00021283 
   0.00021292 
   0.00021306 
   0.00021320 
   0.00021312 
   0.00021275 
   0.00021237 
   0.00021239 
   0.00021243 
   0.00021254 
   0.00021264 
   0.00021270 
   0.00021291 
   0.00021311 
   0.00021326 
   0.00021331 
   0.00021331 
   0.00021329 
   0.00021320 
   0.00021309 
   0.00021290 
   0.00021260 
   0.00021214 
   0.00021147 
   0.00021065 
   0.00021004 
   0.00020962 
   0.00020936 
   0.00020922 
   0.00020916 
   0.00020915 
   0.00020916 
   0.00020924 
   0.00020940 
   0.00020965 
   0.00020995 
   0.00021024 
   0.00021055 
   0.00021081 
   0.00021106 
   0.00021127 
   0.00021150 
   0.00021172 
   0.00021192 
   0.00021211 
   0.00021220 
   0.00021226 
   0.00021233 
   0.00021245 
   0.00021262 
   0.00021279 
   0.00021292 
   0.00021303 
   0.00021310 
   0.00021316 
   0.00021317 
   0.00021310 
   0.00021304 
   0.00021294 
   0.00021282 
   0.00021272 
   0.00021261 
   0.00021245 
   0.00021232 
   0.00021231 
   0.00021247 
   0.00021263 
   0.00021248 
   0.00021204 
   0.00021160 
   0.00021160 
   0.00021163 
   0.00021183 
   0.00021206 
   0.00021240 
   0.00021283 
   0.00021315 
   0.00021334 
   0.00021338 
   0.00021337 
   0.00021334 
   0.00021330 
   0.00021318 
   0.00021307 
   0.00021290 
   0.00021263 
   0.00021222 
   0.00021162 
   0.00021089 
   0.00021037 
   0.00021006 
   0.00020987 
   0.00020982 
   0.00020994 
   0.00021012 
   0.00021031 
   0.00021047 
   0.00021066 
   0.00021089 
   0.00021108 
   0.00021126 
   0.00021140 
   0.00021159 
   0.00021174 
   0.00021189 
   0.00021203 
   0.00021215 
   0.00021228 
   0.00021242 
   0.00021260 
   0.00021280 
   0.00021302 
   0.00021323 
   0.00021334 
   0.00021339 
   0.00021339 
   0.00021338 
   0.00021338 
   0.00021329 
   0.00021316 
   0.00021301 
   0.00021282 
   0.00021265 
   0.00021246 
   0.00021222 
   0.00021200 
   0.00021184 
   0.00021182 
   0.00021193 
   0.00021196 
   0.00021179 
   0.00021135 
   0.00021087 
   0.00021081 
   0.00021090 
   0.00021118 
   0.00021153 
   0.00021201 
   0.00021258 
   0.00021308 
   0.00021341 
   0.00021352 
   0.00021352 
   0.00021346 
   0.00021339 
   0.00021333 
   0.00021319 
   0.00021309 
   0.00021295 
   0.00021274 
   0.00021243 
   0.00021202 
   0.00021155 
   0.00021118 
   0.00021117 
   0.00021116 
   0.00021126 
   0.00021154 
   0.00021184 
   0.00021215 
   0.00021246 
   0.00021266 
   0.00021268 
   0.00021266 
   0.00021263 
   0.00021257 
   0.00021252 
   0.00021250 
   0.00021256 
   0.00021263 
   0.00021275 
   0.00021292 
   0.00021314 
   0.00021337 
   0.00021358 
   0.00021372 
   0.00021381 
   0.00021386 
   0.00021387 
   0.00021389 
   0.00021384 
   0.00021371 
   0.00021353 
   0.00021327 
   0.00021302 
   0.00021278 
   0.00021247 
   0.00021214 
   0.00021178 
   0.00021146 
   0.00021129 
   0.00021123 
   0.00021113 
   0.00021096 
   0.00021051 
   0.00020999 
   0.00020987 
   0.00020995 
   0.00021026 
   0.00021074 
   0.00021137 
   0.00021209 
   0.00021274 
   0.00021322 
   0.00021352 
   0.00021367 
   0.00021365 
   0.00021356 
   0.00021346 
   0.00021336 
   0.00021320 
   0.00021313 
   0.00021302 
   0.00021287 
   0.00021268 
   0.00021247 
   0.00021232 
   0.00021242 
   0.00021265 
   0.00021296 
   0.00021322 
   0.00021341 
   0.00021358 
   0.00021373 
   0.00021384 
   0.00021391 
   0.00021389 
   0.00021378 
   0.00021361 
   0.00021344 
   0.00021328 
   0.00021319 
   0.00021320 
   0.00021331 
   0.00021351 
   0.00021376 
   0.00021399 
   0.00021418 
   0.00021431 
   0.00021436 
   0.00021436 
   0.00021436 
   0.00021435 
   0.00021425 
   0.00021414 
   0.00021396 
   0.00021372 
   0.00021348 
   0.00021321 
   0.00021283 
   0.00021234 
   0.00021189 
   0.00021148 
   0.00021110 
   0.00021085 
   0.00021062 
   0.00021033 
   0.00020980 
   0.00020919 
   0.00020894 
   0.00020898 
   0.00020928 
   0.00020984 
   0.00021057 
   0.00021141 
   0.00021218 
   0.00021281 
   0.00021333 
   0.00021370 
   0.00021385 
   0.00021382 
   0.00021368 
   0.00021353 
   0.00021339 
   0.00021322 
   0.00021316 
   0.00021309 
   0.00021300 
   0.00021290 
   0.00021282 
   0.00021283 
   0.00021301 
   0.00021353 
   0.00021427 
   0.00021472 
   0.00021477 
   0.00021469 
   0.00021458 
   0.00021446 
   0.00021438 
   0.00021426 
   0.00021416 
   0.00021400 
   0.00021384 
   0.00021374 
   0.00021378 
   0.00021387 
   0.00021405 
   0.00021426 
   0.00021446 
   0.00021462 
   0.00021475 
   0.00021484 
   0.00021492 
   0.00021494 
   0.00021488 
   0.00021479 
   0.00021466 
   0.00021443 
   0.00021421 
   0.00021401 
   0.00021370 
   0.00021323 
   0.00021275 
   0.00021227 
   0.00021170 
   0.00021114 
   0.00021073 
   0.00021027 
   0.00020980 
   0.00020918 
   0.00020846 
   0.00020805 
   0.00020802 
   0.00020830 
   0.00020891 
   0.00020975 
   0.00021065 
   0.00021151 
   0.00021231 
   0.00021302 
   0.00021358 
   0.00021396 
   0.00021411 
   0.00021402 
   0.00021382 
   0.00021361 
   0.00021343 
   0.00021323 
   0.00021319 
   0.00021314 
   0.00021309 
   0.00021304 
   0.00021301 
   0.00021304 
   0.00021317 
   0.00021336 
   0.00021378 
   0.00021443 
   0.00021479 
   0.00021483 
   0.00021468 
   0.00021444 
   0.00021420 
   0.00021407 
   0.00021398 
   0.00021396 
   0.00021404 
   0.00021415 
   0.00021431 
   0.00021450 
   0.00021467 
   0.00021475 
   0.00021482 
   0.00021491 
   0.00021500 
   0.00021509 
   0.00021512 
   0.00021512 
   0.00021515 
   0.00021506 
   0.00021495 
   0.00021484 
   0.00021460 
   0.00021425 
   0.00021386 
   0.00021336 
   0.00021276 
   0.00021213 
   0.00021146 
   0.00021085 
   0.00021021 
   0.00020956 
   0.00020878 
   0.00020784 
   0.00020724 
   0.00020707 
   0.00020732 
   0.00020798 
   0.00020893 
   0.00020992 
   0.00021087 
   0.00021175 
   0.00021254 
   0.00021327 
   0.00021387 
   0.00021425 
   0.00021440 
   0.00021427 
   0.00021398 
   0.00021371 
   0.00021347 
   0.00021324 
   0.00021321 
   0.00021318 
   0.00021315 
   0.00021311 
   0.00021308 
   0.00021308 
   0.00021310 
   0.00021315 
   0.00021306 
   0.00021293 
   0.00021299 
   0.00021324 
   0.00021335 
   0.00021332 
   0.00021326 
   0.00021330 
   0.00021349 
   0.00021376 
   0.00021409 
   0.00021442 
   0.00021463 
   0.00021473 
   0.00021476 
   0.00021479 
   0.00021478 
   0.00021478 
   0.00021481 
   0.00021488 
   0.00021501 
   0.00021507 
   0.00021509 
   0.00021511 
   0.00021505 
   0.00021493 
   0.00021470 
   0.00021432 
   0.00021382 
   0.00021329 
   0.00021266 
   0.00021196 
   0.00021134 
   0.00021065 
   0.00020991 
   0.00020909 
   0.00020804 
   0.00020723 
   0.00020684 
   0.00020698 
   0.00020760 
   0.00020853 
   0.00020954 
   0.00021049 
   0.00021135 
   0.00021219 
   0.00021299 
   0.00021370 
   0.00021431 
   0.00021473 
   0.00021482 
   0.00021452 
   0.00021414 
   0.00021380 
   0.00021352 
   0.00021325 
   0.00021323 
   0.00021320 
   0.00021317 
   0.00021314 
   0.00021309 
   0.00021301 
   0.00021288 
   0.00021264 
   0.00021221 
   0.00021139 
   0.00021064 
   0.00021039 
   0.00021075 
   0.00021134 
   0.00021197 
   0.00021259 
   0.00021316 
   0.00021369 
   0.00021409 
   0.00021429 
   0.00021441 
   0.00021447 
   0.00021448 
   0.00021448 
   0.00021442 
   0.00021443 
   0.00021450 
   0.00021460 
   0.00021466 
   0.00021475 
   0.00021484 
   0.00021494 
   0.00021494 
   0.00021480 
   0.00021452 
   0.00021418 
   0.00021377 
   0.00021324 
   0.00021264 
   0.00021210 
   0.00021148 
   0.00021081 
   0.00021011 
   0.00020927 
   0.00020863 
   0.00020841 
   0.00020870 
   0.00020947 
   0.00021039 
   0.00021120 
   0.00021182 
   0.00021227 
   0.00021277 
   0.00021335 
   0.00021390 
   0.00021441 
   0.00021484 
   0.00021509 
   0.00021503 
   0.00021471 
   0.00021430 
   0.00021391 
   0.00021357 
   0.00021325 
   0.00021323 
   0.00021321 
   0.00021318 
   0.00021314 
   0.00021306 
   0.00021292 
   0.00021266 
   0.00021216 
   0.00021118 
   0.00020945 
   0.00020865 
   0.00020854 
   0.00020896 
   0.00020982 
   0.00021093 
   0.00021194 
   0.00021269 
   0.00021323 
   0.00021357 
   0.00021381 
   0.00021393 
   0.00021405 
   0.00021417 
   0.00021428 
   0.00021444 
   0.00021466 
   0.00021484 
   0.00021498 
   0.00021512 
   0.00021529 
   0.00021541 
   0.00021541 
   0.00021538 
   0.00021527 
   0.00021509 
   0.00021490 
   0.00021458 
   0.00021417 
   0.00021378 
   0.00021337 
   0.00021289 
   0.00021238 
   0.00021177 
   0.00021136 
   0.00021144 
   0.00021211 
   0.00021319 
   0.00021423 
   0.00021505 
   0.00021560 
   0.00021601 
   0.00021636 
   0.00021647 
   0.00021634 
   0.00021616 
   0.00021609 
   0.00021598 
   0.00021578 
   0.00021551 
   0.00021508 
   0.00021455 
   0.00021403 
   0.00021362 
   0.00021325 
   0.00021324 
   0.00021322 
   0.00021319 
   0.00021314 
   0.00021304 
   0.00021288 
   0.00021257 
   0.00021201 
   0.00021107 
   0.00020979 
   0.00020890 
   0.00020882 
   0.00020938 
   0.00021014 
   0.00021091 
   0.00021165 
   0.00021226 
   0.00021273 
   0.00021314 
   0.00021354 
   0.00021394 
   0.00021427 
   0.00021454 
   0.00021487 
   0.00021519 
   0.00021541 
   0.00021563 
   0.00021584 
   0.00021608 
   0.00021618 
   0.00021620 
   0.00021615 
   0.00021604 
   0.00021591 
   0.00021580 
   0.00021557 
   0.00021528 
   0.00021502 
   0.00021475 
   0.00021435 
   0.00021398 
   0.00021360 
   0.00021346 
   0.00021380 
   0.00021479 
   0.00021614 
   0.00021748 
   0.00021852 
   0.00021931 
   0.00021995 
   0.00022046 
   0.00022080 
   0.00022101 
   0.00022094 
   0.00022060 
   0.00021989 
   0.00021888 
   0.00021776 
   0.00021677 
   0.00021582 
   0.00021486 
   0.00021414 
   0.00021364 
   0.00021326 
   0.00021324 
   0.00021322 
   0.00021319 
   0.00021314 
   0.00021305 
   0.00021289 
   0.00021263 
   0.00021220 
   0.00021164 
   0.00021117 
   0.00021135 
   0.00021146 
   0.00021104 
   0.00021072 
   0.00021064 
   0.00021085 
   0.00021132 
   0.00021195 
   0.00021268 
   0.00021343 
   0.00021411 
   0.00021479 
   0.00021548 
   0.00021597 
   0.00021633 
   0.00021661 
   0.00021680 
   0.00021688 
   0.00021690 
   0.00021685 
   0.00021676 
   0.00021662 
   0.00021646 
   0.00021629 
   0.00021610 
   0.00021586 
   0.00021564 
   0.00021538 
   0.00021505 
   0.00021483 
   0.00021459 
   0.00021458 
   0.00021508 
   0.00021626 
   0.00021776 
   0.00021922 
   0.00022039 
   0.00022134 
   0.00022209 
   0.00022270 
   0.00022315 
   0.00022351 
   0.00022375 
   0.00022381 
   0.00022357 
   0.00022288 
   0.00022185 
   0.00022049 
   0.00021867 
   0.00021649 
   0.00021494 
   0.00021410 
   0.00021361 
   0.00021326 
   0.00021325 
   0.00021323 
   0.00021320 
   0.00021316 
   0.00021308 
   0.00021296 
   0.00021277 
   0.00021250 
   0.00021222 
   0.00021207 
   0.00021217 
   0.00021213 
   0.00021140 
   0.00021062 
   0.00021034 
   0.00021056 
   0.00021122 
   0.00021220 
   0.00021321 
   0.00021417 
   0.00021514 
   0.00021593 
   0.00021652 
   0.00021697 
   0.00021725 
   0.00021743 
   0.00021751 
   0.00021749 
   0.00021735 
   0.00021720 
   0.00021703 
   0.00021684 
   0.00021662 
   0.00021632 
   0.00021597 
   0.00021567 
   0.00021539 
   0.00021508 
   0.00021486 
   0.00021476 
   0.00021498 
   0.00021564 
   0.00021689 
   0.00021839 
   0.00021983 
   0.00022099 
   0.00022201 
   0.00022284 
   0.00022352 
   0.00022402 
   0.00022437 
   0.00022459 
   0.00022466 
   0.00022446 
   0.00022385 
   0.00022286 
   0.00022155 
   0.00021964 
   0.00021720 
   0.00021537 
   0.00021436 
   0.00021380 
   0.00021348 
   0.00021326 
   0.00021325 
   0.00021324 
   0.00021321 
   0.00021318 
   0.00021312 
   0.00021304 
   0.00021291 
   0.00021275 
   0.00021257 
   0.00021236 
   0.00021194 
   0.00021089 
   0.00021033 
   0.00021059 
   0.00021118 
   0.00021191 
   0.00021265 
   0.00021332 
   0.00021419 
   0.00021518 
   0.00021597 
   0.00021658 
   0.00021702 
   0.00021735 
   0.00021767 
   0.00021780 
   0.00021778 
   0.00021766 
   0.00021750 
   0.00021731 
   0.00021706 
   0.00021676 
   0.00021636 
   0.00021593 
   0.00021550 
   0.00021509 
   0.00021463 
   0.00021433 
   0.00021422 
   0.00021451 
   0.00021529 
   0.00021667 
   0.00021823 
   0.00021969 
   0.00022090 
   0.00022188 
   0.00022264 
   0.00022329 
   0.00022378 
   0.00022410 
   0.00022422 
   0.00022413 
   0.00022369 
   0.00022284 
   0.00022163 
   0.00021997 
   0.00021769 
   0.00021534 
   0.00021398 
   0.00021353 
   0.00021342 
   0.00021335 
   0.00021331 
   0.00021326 
   0.00021325 
   0.00021324 
   0.00021323 
   0.00021320 
   0.00021316 
   0.00021311 
   0.00021304 
   0.00021294 
   0.00021281 
   0.00021261 
   0.00021222 
   0.00021165 
   0.00021170 
   0.00021224 
   0.00021278 
   0.00021316 
   0.00021358 
   0.00021430 
   0.00021500 
   0.00021556 
   0.00021613 
   0.00021662 
   0.00021708 
   0.00021744 
   0.00021762 
   0.00021766 
   0.00021764 
   0.00021753 
   0.00021734 
   0.00021713 
   0.00021682 
   0.00021636 
   0.00021577 
   0.00021518 
   0.00021460 
   0.00021398 
   0.00021353 
   0.00021331 
   0.00021353 
   0.00021422 
   0.00021553 
   0.00021709 
   0.00021858 
   0.00021978 
   0.00022076 
   0.00022157 
   0.00022221 
   0.00022262 
   0.00022282 
   0.00022277 
   0.00022249 
   0.00022178 
   0.00022059 
   0.00021903 
   0.00021697 
   0.00021455 
   0.00021275 
   0.00021194 
   0.00021178 
   0.00021215 
   0.00021265 
   0.00021297 
   0.00021315 
   0.00021326 
   0.00021326 
   0.00021325 
   0.00021324 
   0.00021322 
   0.00021320 
   0.00021317 
   0.00021314 
   0.00021309 
   0.00021304 
   0.00021299 
   0.00021299 
   0.00021327 
   0.00021426 
   0.00021463 
   0.00021469 
   0.00021501 
   0.00021557 
   0.00021581 
   0.00021580 
   0.00021584 
   0.00021591 
   0.00021621 
   0.00021655 
   0.00021686 
   0.00021709 
   0.00021720 
   0.00021720 
   0.00021714 
   0.00021696 
   0.00021661 
   0.00021606 
   0.00021540 
   0.00021470 
   0.00021398 
   0.00021322 
   0.00021262 
   0.00021230 
   0.00021243 
   0.00021300 
   0.00021408 
   0.00021546 
   0.00021676 
   0.00021786 
   0.00021877 
   0.00021951 
   0.00022007 
   0.00022037 
   0.00022044 
   0.00022027 
   0.00021978 
   0.00021885 
   0.00021745 
   0.00021553 
   0.00021335 
   0.00021168 
   0.00021078 
   0.00021032 
   0.00021037 
   0.00021087 
   0.00021160 
   0.00021231 
   0.00021278 
   0.00021306 
   0.00021326 
   0.00021326 
   0.00021325 
   0.00021325 
   0.00021324 
   0.00021323 
   0.00021322 
   0.00021321 
   0.00021322 
   0.00021326 
   0.00021337 
   0.00021366 
   0.00021429 
   0.00021517 
   0.00021557 
   0.00021694 
   0.00021780 
   0.00021764 
   0.00021705 
   0.00021649 
   0.00021602 
   0.00021589 
   0.00021593 
   0.00021609 
   0.00021634 
   0.00021643 
   0.00021648 
   0.00021647 
   0.00021636 
   0.00021601 
   0.00021542 
   0.00021469 
   0.00021391 
   0.00021311 
   0.00021227 
   0.00021153 
   0.00021115 
   0.00021121 
   0.00021170 
   0.00021256 
   0.00021370 
   0.00021472 
   0.00021554 
   0.00021621 
   0.00021672 
   0.00021709 
   0.00021721 
   0.00021711 
   0.00021672 
   0.00021598 
   0.00021492 
   0.00021347 
   0.00021192 
   0.00021081 
   0.00021017 
   0.00020979 
   0.00020976 
   0.00021009 
   0.00021056 
   0.00021115 
   0.00021182 
   0.00021238 
   0.00021279 
   0.00021306 
   0.00021326 
   0.00021326 
   0.00021326 
   0.00021326 
   0.00021325 
   0.00021325 
   0.00021326 
   0.00021327 
   0.00021331 
   0.00021341 
   0.00021362 
   0.00021403 
   0.00021478 
   0.00021604 
   0.00021829 
   0.00021946 
   0.00021897 
   0.00021828 
   0.00021769 
   0.00021732 
   0.00021709 
   0.00021677 
   0.00021642 
   0.00021618 
   0.00021588 
   0.00021569 
   0.00021558 
   0.00021538 
   0.00021498 
   0.00021437 
   0.00021361 
   0.00021278 
   0.00021189 
   0.00021102 
   0.00021028 
   0.00020989 
   0.00020979 
   0.00021016 
   0.00021090 
   0.00021189 
   0.00021274 
   0.00021336 
   0.00021386 
   0.00021416 
   0.00021424 
   0.00021405 
   0.00021370 
   0.00021325 
   0.00021256 
   0.00021153 
   0.00021056 
   0.00020990 
   0.00020954 
   0.00020933 
   0.00020937 
   0.00020966 
   0.00021011 
   0.00021066 
   0.00021127 
   0.00021186 
   0.00021232 
   0.00021265 
   0.00021291 
   0.00021311 
   0.00021326 
   0.00021326 
   0.00021326 
   0.00021326 
   0.00021326 
   0.00021327 
   0.00021328 
   0.00021331 
   0.00021337 
   0.00021349 
   0.00021371 
   0.00021411 
   0.00021477 
   0.00021576 
   0.00021679 
   0.00021717 
   0.00021785 
   0.00021817 
   0.00021847 
   0.00021855 
   0.00021839 
   0.00021801 
   0.00021745 
   0.00021673 
   0.00021606 
   0.00021558 
   0.00021509 
   0.00021442 
   0.00021363 
   0.00021275 
   0.00021184 
   0.00021092 
   0.00021009 
   0.00020945 
   0.00020913 
   0.00020905 
   0.00020939 
   0.00021004 
   0.00021087 
   0.00021165 
   0.00021220 
   0.00021258 
   0.00021276 
   0.00021271 
   0.00021251 
   0.00021214 
   0.00021147 
   0.00021069 
   0.00021000 
   0.00020953 
   0.00020917 
   0.00020892 
   0.00020889 
   0.00020907 
   0.00020946 
   0.00020998 
   0.00021059 
   0.00021126 
   0.00021189 
   0.00021240 
   0.00021273 
   0.00021294 
   0.00021308 
   0.00021318 
   0.00021326 
   0.00021326 
   0.00021326 
   0.00021327 
   0.00021327 
   0.00021328 
   0.00021329 
   0.00021333 
   0.00021339 
   0.00021350 
   0.00021369 
   0.00021400 
   0.00021446 
   0.00021501 
   0.00021543 
   0.00021550 
   0.00021606 
   0.00021773 
   0.00021866 
   0.00021898 
   0.00021890 
   0.00021862 
   0.00021812 
   0.00021748 
   0.00021668 
   0.00021573 
   0.00021470 
   0.00021367 
   0.00021263 
   0.00021162 
   0.00021070 
   0.00020991 
   0.00020942 
   0.00020910 
   0.00020895 
   0.00020927 
   0.00020990 
   0.00021066 
   0.00021139 
   0.00021185 
   0.00021209 
   0.00021214 
   0.00021206 
   0.00021168 
   0.00021121 
   0.00021079 
   0.00021043 
   0.00020997 
   0.00020952 
   0.00020922 
   0.00020903 
   0.00020900 
   0.00020914 
   0.00020945 
   0.00020991 
   0.00021046 
   0.00021112 
   0.00021179 
   0.00021237 
   0.00021281 
   0.00021309 
   0.00021319 
   0.00021323 
   0.00021325 
   0.00021327 
   0.00021327 
   0.00021327 
   0.00021327 
   0.00021327 
   0.00021328 
   0.00021330 
   0.00021333 
   0.00021338 
   0.00021347 
   0.00021362 
   0.00021384 
   0.00021413 
   0.00021446 
   0.00021479 
   0.00021530 
   0.00021651 
   0.00021709 
   0.00021800 
   0.00021861 
   0.00021888 
   0.00021879 
   0.00021838 
   0.00021773 
   0.00021686 
   0.00021575 
   0.00021447 
   0.00021313 
   0.00021187 
   0.00021086 
   0.00021014 
   0.00020975 
   0.00020940 
   0.00020918 
   0.00020945 
   0.00021006 
   0.00021078 
   0.00021140 
   0.00021176 
   0.00021190 
   0.00021182 
   0.00021163 
   0.00021143 
   0.00021134 
   0.00021118 
   0.00021084 
   0.00021045 
   0.00021011 
   0.00020978 
   0.00020959 
   0.00020956 
   0.00020964 
   0.00020986 
   0.00021022 
   0.00021071 
   0.00021127 
   0.00021184 
   0.00021238 
   0.00021290 
   0.00021327 
   0.00021344 
   0.00021342 
   0.00021337 
   0.00021331 
   0.00021327 
   0.00021327 
   0.00021327 
   0.00021327 
   0.00021327 
   0.00021328 
   0.00021330 
   0.00021332 
   0.00021336 
   0.00021343 
   0.00021354 
   0.00021369 
   0.00021388 
   0.00021413 
   0.00021446 
   0.00021498 
   0.00021562 
   0.00021609 
   0.00021677 
   0.00021757 
   0.00021811 
   0.00021824 
   0.00021806 
   0.00021742 
   0.00021644 
   0.00021525 
   0.00021386 
   0.00021251 
   0.00021140 
   0.00021066 
   0.00021020 
   0.00020968 
   0.00020940 
   0.00020959 
   0.00021012 
   0.00021081 
   0.00021146 
   0.00021174 
   0.00021183 
   0.00021192 
   0.00021202 
   0.00021203 
   0.00021190 
   0.00021171 
   0.00021139 
   0.00021108 
   0.00021080 
   0.00021054 
   0.00021043 
   0.00021043 
   0.00021050 
   0.00021064 
   0.00021089 
   0.00021129 
   0.00021173 
   0.00021217 
   0.00021264 
   0.00021314 
   0.00021353 
   0.00021375 
   0.00021375 
   0.00021362 
   0.00021349 
   0.00021337 
   0.00021327 
   0.00021327 
   0.00021327 
   0.00021327 
   0.00021327 
   0.00021328 
   0.00021329 
   0.00021331 
   0.00021334 
   0.00021339 
   0.00021347 
   0.00021357 
   0.00021371 
   0.00021391 
   0.00021419 
   0.00021459 
   0.00021509 
   0.00021576 
   0.00021616 
   0.00021657 
   0.00021694 
   0.00021721 
   0.00021702 
   0.00021635 
   0.00021524 
   0.00021393 
   0.00021275 
   0.00021190 
   0.00021133 
   0.00021072 
   0.00020994 
   0.00020945 
   0.00020937 
   0.00020982 
   0.00021050 
   0.00021118 
   0.00021171 
   0.00021220 
   0.00021256 
   0.00021268 
   0.00021277 
   0.00021274 
   0.00021251 
   0.00021214 
   0.00021174 
   0.00021143 
   0.00021122 
   0.00021117 
   0.00021124 
   0.00021132 
   0.00021144 
   0.00021172 
   0.00021206 
   0.00021242 
   0.00021278 
   0.00021315 
   0.00021351 
   0.00021382 
   0.00021400 
   0.00021406 
   0.00021398 
   0.00021379 
   0.00021359 
   0.00021342 
   0.00021327 
   0.00021327 
   0.00021327 
   0.00021327 
   0.00021327 
   0.00021328 
   0.00021329 
   0.00021330 
   0.00021332 
   0.00021336 
   0.00021341 
   0.00021349 
   0.00021359 
   0.00021375 
   0.00021397 
   0.00021428 
   0.00021469 
   0.00021513 
   0.00021553 
   0.00021604 
   0.00021624 
   0.00021584 
   0.00021513 
   0.00021437 
   0.00021352 
   0.00021275 
   0.00021215 
   0.00021176 
   0.00021112 
   0.00021027 
   0.00020973 
   0.00020950 
   0.00020979 
   0.00021060 
   0.00021147 
   0.00021213 
   0.00021264 
   0.00021307 
   0.00021339 
   0.00021362 
   0.00021357 
   0.00021328 
   0.00021286 
   0.00021243 
   0.00021212 
   0.00021185 
   0.00021175 
   0.00021177 
   0.00021188 
   0.00021216 
   0.00021251 
   0.00021288 
   0.00021322 
   0.00021355 
   0.00021387 
   0.00021419 
   0.00021437 
   0.00021445 
   0.00021447 
   0.00021438 
   0.00021420 
   0.00021395 
   0.00021370 
   0.00021348 
   0.00021327 
   0.00021327 
   0.00021327 
   0.00021327 
   0.00021327 
   0.00021328 
   0.00021328 
   0.00021329 
   0.00021331 
   0.00021333 
   0.00021337 
   0.00021342 
   0.00021350 
   0.00021362 
   0.00021379 
   0.00021403 
   0.00021437 
   0.00021486 
   0.00021566 
   0.00021591 
   0.00021522 
   0.00021425 
   0.00021309 
   0.00021217 
   0.00021179 
   0.00021170 
   0.00021167 
   0.00021110 
   0.00021035 
   0.00021002 
   0.00020995 
   0.00021045 
   0.00021151 
   0.00021244 
   0.00021312 
   0.00021360 
   0.00021388 
   0.00021409 
   0.00021422 
   0.00021414 
   0.00021388 
   0.00021350 
   0.00021310 
   0.00021279 
   0.00021253 
   0.00021240 
   0.00021234 
   0.00021234 
   0.00021255 
   0.00021282 
   0.00021322 
   0.00021368 
   0.00021412 
   0.00021446 
   0.00021470 
   0.00021485 
   0.00021495 
   0.00021499 
   0.00021489 
   0.00021472 
   0.00021447 
   0.00021417 
   0.00021384 
   0.00021354 
   0.00021327 
   0.00021327 
   0.00021327 
   0.00021327 
   0.00021327 
   0.00021327 
   0.00021328 
   0.00021329 
   0.00021330 
   0.00021331 
   0.00021334 
   0.00021338 
   0.00021343 
   0.00021351 
   0.00021363 
   0.00021379 
   0.00021402 
   0.00021432 
   0.00021456 
   0.00021434 
   0.00021354 
   0.00021232 
   0.00021152 
   0.00021103 
   0.00021113 
   0.00021126 
   0.00021090 
   0.00021047 
   0.00021046 
   0.00021058 
   0.00021118 
   0.00021236 
   0.00021346 
   0.00021427 
   0.00021486 
   0.00021524 
   0.00021537 
   0.00021525 
   0.00021493 
   0.00021449 
   0.00021405 
   0.00021370 
   0.00021346 
   0.00021323 
   0.00021306 
   0.00021289 
   0.00021284 
   0.00021298 
   0.00021317 
   0.00021347 
   0.00021383 
   0.00021421 
   0.00021461 
   0.00021497 
   0.00021528 
   0.00021551 
   0.00021566 
   0.00021568 
   0.00021560 
   0.00021540 
   0.00021498 
   0.00021448 
   0.00021401 
   0.00021361 
   0.00021327 
   0.00021327 
   0.00021327 
   0.00021327 
   0.00021327 
   0.00021327 
   0.00021327 
   0.00021328 
   0.00021329 
   0.00021330 
   0.00021332 
   0.00021334 
   0.00021338 
   0.00021343 
   0.00021349 
   0.00021358 
   0.00021366 
   0.00021367 
   0.00021343 
   0.00021266 
   0.00021164 
   0.00021103 
   0.00021081 
   0.00021119 
   0.00021103 
   0.00021067 
   0.00021045 
   0.00021070 
   0.00021098 
   0.00021159 
   0.00021284 
   0.00021415 
   0.00021514 
   0.00021583 
   0.00021626 
   0.00021648 
   0.00021647 
   0.00021613 
   0.00021560 
   0.00021503 
   0.00021459 
   0.00021426 
   0.00021399 
   0.00021377 
   0.00021357 
   0.00021351 
   0.00021350 
   0.00021354 
   0.00021373 
   0.00021398 
   0.00021422 
   0.00021452 
   0.00021486 
   0.00021525 
   0.00021568 
   0.00021606 
   0.00021635 
   0.00021649 
   0.00021646 
   0.00021613 
   0.00021555 
   0.00021481 
   0.00021417 
   0.00021368 
   0.00021327 
   0.00021327 
   0.00021327 
   0.00021327 
   0.00021327 
   0.00021327 
   0.00021327 
   0.00021327 
   0.00021328 
   0.00021329 
   0.00021330 
   0.00021331 
   0.00021333 
   0.00021336 
   0.00021339 
   0.00021340 
   0.00021337 
   0.00021323 
   0.00021284 
   0.00021208 
   0.00021102 
   0.00021080 
   0.00021129 
   0.00021123 
   0.00021086 
   0.00021054 
   0.00021073 
   0.00021096 
   0.00021159 
   0.00021296 
   0.00021456 
   0.00021572 
   0.00021646 
   0.00021694 
   0.00021717 
   0.00021714 
   0.00021690 
   0.00021660 
   0.00021627 
   0.00021590 
   0.00021546 
   0.00021505 
   0.00021468 
   0.00021445 
   0.00021431 
   0.00021422 
   0.00021423 
   0.00021431 
   0.00021435 
   0.00021441 
   0.00021459 
   0.00021482 
   0.00021509 
   0.00021546 
   0.00021581 
   0.00021623 
   0.00021663 
   0.00021690 
   0.00021691 
   0.00021661 
   0.00021595 
   0.00021497 
   0.00021423 
   0.00021370 
   0.00021327 
   0.00021327 
   0.00021327 
   0.00021327 
   0.00021327 
   0.00021327 
   0.00021327 
   0.00021327 
   0.00021327 
   0.00021328 
   0.00021329 
   0.00021329 
   0.00021330 
   0.00021331 
   0.00021331 
   0.00021329 
   0.00021321 
   0.00021304 
   0.00021273 
   0.00021229 
   0.00021200 
   0.00021215 
   0.00021171 
   0.00021101 
   0.00021066 
   0.00021073 
   0.00021083 
   0.00021132 
   0.00021255 
   0.00021434 
   0.00021575 
   0.00021669 
   0.00021730 
   0.00021755 
   0.00021752 
   0.00021735 
   0.00021715 
   0.00021696 
   0.00021675 
   0.00021653 
   0.00021622 
   0.00021580 
   0.00021545 
   0.00021521 
   0.00021510 
   0.00021504 
   0.00021497 
   0.00021493 
   0.00021495 
   0.00021497 
   0.00021502 
   0.00021513 
   0.00021529 
   0.00021545 
   0.00021570 
   0.00021596 
   0.00021618 
   0.00021634 
   0.00021638 
   0.00021615 
   0.00021558 
   0.00021478 
   0.00021414 
   0.00021366 
   0.00021327 
   0.00021327 
   0.00021327 
   0.00021327 
   0.00021327 
   0.00021327 
   0.00021327 
   0.00021327 
   0.00021327 
   0.00021327 
   0.00021328 
   0.00021328 
   0.00021328 
   0.00021328 
   0.00021326 
   0.00021323 
   0.00021315 
   0.00021301 
   0.00021281 
   0.00021260 
   0.00021255 
   0.00021266 
   0.00021187 
   0.00021115 
   0.00021080 
   0.00021065 
   0.00021082 
   0.00021177 
   0.00021360 
   0.00021516 
   0.00021630 
   0.00021714 
   0.00021760 
   0.00021772 
   0.00021765 
   0.00021754 
   0.00021741 
   0.00021723 
   0.00021700 
   0.00021677 
   0.00021655 
   0.00021637 
   0.00021620 
   0.00021602 
   0.00021590 
   0.00021581 
   0.00021575 
   0.00021569 
   0.00021562 
   0.00021558 
   0.00021554 
   0.00021541 
   0.00021535 
   0.00021535 
   0.00021534 
   0.00021535 
   0.00021535 
   0.00021533 
   0.00021524 
   0.00021506 
   0.00021476 
   0.00021434 
   0.00021392 
   0.00021357 
   0.00021327 
   0.00021327 
   0.00021327 
   0.00021327 
   0.00021327 
   0.00021327 
   0.00021327 
   0.00021327 
   0.00021327 
   0.00021327 
   0.00021327 
   0.00021327 
   0.00021327 
   0.00021326 
   0.00021324 
   0.00021320 
   0.00021314 
   0.00021303 
   0.00021288 
   0.00021271 
   0.00021247 
   0.00021194 
   0.00021146 
   0.00021125 
   0.00021095 
   0.00021060 
   0.00021105 
   0.00021246 
   0.00021404 
   0.00021528 
   0.00021622 
   0.00021685 
   0.00021722 
   0.00021746 
   0.00021757 
   0.00021755 
   0.00021741 
   0.00021720 
   0.00021697 
   0.00021678 
   0.00021674 
   0.00021680 
   0.00021682 
   0.00021681 
   0.00021672 
   0.00021666 
   0.00021658 
   0.00021647 
   0.00021632 
   0.00021609 
   0.00021587 
   0.00021568 
   0.00021543 
   0.00021519 
   0.00021503 
   0.00021485 
   0.00021469 
   0.00021456 
   0.00021440 
   0.00021426 
   0.00021409 
   0.00021389 
   0.00021367 
   0.00021346 
   0.00021327 
   0.00021327 
   0.00021327 
   0.00021327 
   0.00021327 
   0.00021327 
   0.00021327 
   0.00021327 
   0.00021327 
   0.00021327 
   0.00021327 
   0.00021327 
   0.00021326 
   0.00021325 
   0.00021323 
   0.00021320 
   0.00021314 
   0.00021306 
   0.00021293 
   0.00021273 
   0.00021242 
   0.00021199 
   0.00021160 
   0.00021106 
   0.00021045 
   0.00021069 
   0.00021169 
   0.00021322 
   0.00021431 
   0.00021511 
   0.00021564 
   0.00021605 
   0.00021644 
   0.00021675 
   0.00021699 
   0.00021706 
   0.00021697 
   0.00021684 
   0.00021676 
   0.00021678 
   0.00021687 
   0.00021702 
   0.00021724 
   0.00021737 
   0.00021742 
   0.00021736 
   0.00021724 
   0.00021708 
   0.00021682 
   0.00021655 
   0.00021618 
   0.00021581 
   0.00021550 
   0.00021518 
   0.00021483 
   0.00021454 
   0.00021434 
   0.00021411 
   0.00021392 
   0.00021377 
   0.00021366 
   0.00021356 
   0.00021346 
   0.00021336 
   0.00021327 
   0.00021327 
   0.00021327 
   0.00021327 
   0.00021327 
   0.00021327 
   0.00021327 
   0.00021327 
   0.00021327 
   0.00021327 
   0.00021326 
   0.00021326 
   0.00021326 
   0.00021325 
   0.00021323 
   0.00021320 
   0.00021316 
   0.00021308 
   0.00021297 
   0.00021278 
   0.00021250 
   0.00021211 
   0.00021165 
   0.00021089 
   0.00021074 
   0.00021123 
   0.00021279 
   0.00021398 
   0.00021474 
   0.00021511 
   0.00021528 
   0.00021536 
   0.00021546 
   0.00021560 
   0.00021575 
   0.00021592 
   0.00021613 
   0.00021633 
   0.00021654 
   0.00021674 
   0.00021696 
   0.00021722 
   0.00021747 
   0.00021773 
   0.00021788 
   0.00021786 
   0.00021769 
   0.00021741 
   0.00021713 
   0.00021677 
   0.00021642 
   0.00021603 
   0.00021558 
   0.00021519 
   0.00021481 
   0.00021439 
   0.00021400 
   0.00021372 
   0.00021353 
   0.00021338 
   0.00021332 
   0.00021330 
   0.00021330 
   0.00021329 
   0.00021327 
   0.00021327 
   0.00021327 
   0.00021327 
   0.00021327 
   0.00021327 
   0.00021327 
   0.00021327 
   0.00021327 
   0.00021326 
   0.00021326 
   0.00021326 
   0.00021326 
   0.00021325 
   0.00021324 
   0.00021321 
   0.00021318 
   0.00021312 
   0.00021302 
   0.00021287 
   0.00021263 
   0.00021226 
   0.00021169 
   0.00021113 
   0.00021126 
   0.00021261 
   0.00021401 
   0.00021491 
   0.00021532 
   0.00021540 
   0.00021526 
   0.00021500 
   0.00021472 
   0.00021454 
   0.00021450 
   0.00021474 
   0.00021522 
   0.00021579 
   0.00021631 
   0.00021677 
   0.00021710 
   0.00021738 
   0.00021759 
   0.00021774 
   0.00021787 
   0.00021794 
   0.00021786 
   0.00021764 
   0.00021730 
   0.00021695 
   0.00021658 
   0.00021616 
   0.00021575 
   0.00021526 
   0.00021480 
   0.00021439 
   0.00021393 
   0.00021352 
   0.00021324 
   0.00021308 
   0.00021303 
   0.00021312 
   0.00021319 
   0.00021323 
   0.00021327 
   0.00021327 
   0.00021327 
   0.00021327 
   0.00021327 
   0.00021327 
   0.00021327 
   0.00021327 
   0.00021326 
   0.00021326 
   0.00021326 
   0.00021326 
   0.00021326 
   0.00021325 
   0.00021324 
   0.00021323 
   0.00021320 
   0.00021316 
   0.00021310 
   0.00021300 
   0.00021284 
   0.00021262 
   0.00021232 
   0.00021205 
   0.00021259 
   0.00021417 
   0.00021536 
   0.00021595 
   0.00021601 
   0.00021571 
   0.00021525 
   0.00021472 
   0.00021428 
   0.00021399 
   0.00021396 
   0.00021422 
   0.00021469 
   0.00021532 
   0.00021600 
   0.00021659 
   0.00021701 
   0.00021728 
   0.00021745 
   0.00021757 
   0.00021763 
   0.00021770 
   0.00021772 
   0.00021763 
   0.00021740 
   0.00021705 
   0.00021665 
   0.00021627 
   0.00021580 
   0.00021537 
   0.00021485 
   0.00021440 
   0.00021399 
   0.00021362 
   0.00021325 
   0.00021302 
   0.00021297 
   0.00021304 
   0.00021313 
   0.00021321 
   0.00021327 
   0.00021327 
   0.00021327 
   0.00021327 
   0.00021327 
   0.00021327 
   0.00021327 
   0.00021326 
   0.00021326 
   0.00021326 
   0.00021326 
   0.00021326 
   0.00021326 
   0.00021326 
   0.00021325 
   0.00021324 
   0.00021323 
   0.00021321 
   0.00021318 
   0.00021314 
   0.00021312 
   0.00021312 
   0.00021327 
   0.00021382 
   0.00021512 
   0.00021654 
   0.00021720 
   0.00021716 
   0.00021671 
   0.00021606 
   0.00021533 
   0.00021470 
   0.00021430 
   0.00021415 
   0.00021420 
   0.00021441 
   0.00021470 
   0.00021508 
   0.00021553 
   0.00021604 
   0.00021657 
   0.00021696 
   0.00021720 
   0.00021731 
   0.00021736 
   0.00021734 
   0.00021733 
   0.00021730 
   0.00021720 
   0.00021699 
   0.00021668 
   0.00021630 
   0.00021592 
   0.00021548 
   0.00021502 
   0.00021450 
   0.00021401 
   0.00021364 
   0.00021335 
   0.00021310 
   0.00021299 
   0.00021303 
   0.00021312 
   0.00021319 
   0.00021327 
   0.00021327 
   0.00021327 
   0.00021327 
   0.00021327 
   0.00021327 
   0.00021327 
   0.00021326 
   0.00021326 
   0.00021326 
   0.00021326 
   0.00021326 
   0.00021326 
   0.00021326 
   0.00021326 
   0.00021325 
   0.00021325 
   0.00021325 
   0.00021326 
   0.00021329 
   0.00021337 
   0.00021359 
   0.00021408 
   0.00021513 
   0.00021696 
   0.00021819 
   0.00021848 
   0.00021812 
   0.00021740 
   0.00021658 
   0.00021591 
   0.00021548 
   0.00021522 
   0.00021510 
   0.00021502 
   0.00021495 
   0.00021494 
   0.00021505 
   0.00021524 
   0.00021548 
   0.00021579 
   0.00021618 
   0.00021657 
   0.00021683 
   0.00021695 
   0.00021697 
   0.00021694 
   0.00021691 
   0.00021691 
   0.00021681 
   0.00021663 
   0.00021631 
   0.00021593 
   0.00021551 
   0.00021511 
   0.00021466 
   0.00021420 
   0.00021369 
   0.00021334 
   0.00021316 
   0.00021304 
   0.00021305 
   0.00021312 
   0.00021319 
   0.00021327 
   0.00021327 
   0.00021327 
   0.00021327 
   0.00021327 
   0.00021327 
   0.00021327 
   0.00021327 
   0.00021326 
   0.00021326 
   0.00021326 
   0.00021326 
   0.00021326 
   0.00021326 
   0.00021326 
   0.00021327 
   0.00021327 
   0.00021328 
   0.00021332 
   0.00021339 
   0.00021355 
   0.00021386 
   0.00021446 
   0.00021547 
   0.00021678 
   0.00021788 
   0.00021833 
   0.00021827 
   0.00021796 
   0.00021766 
   0.00021741 
   0.00021717 
   0.00021689 
   0.00021659 
   0.00021628 
   0.00021597 
   0.00021568 
   0.00021545 
   0.00021528 
   0.00021521 
   0.00021525 
   0.00021540 
   0.00021567 
   0.00021600 
   0.00021629 
   0.00021645 
   0.00021652 
   0.00021653 
   0.00021651 
   0.00021652 
   0.00021646 
   0.00021628 
   0.00021595 
   0.00021554 
   0.00021513 
   0.00021473 
   0.00021431 
   0.00021393 
   0.00021351 
   0.00021317 
   0.00021307 
   0.00021308 
   0.00021313 
   0.00021320 
   0.00021327 
   0.00021327 
   0.00021327 
   0.00021327 
   0.00021327 
   0.00021327 
   0.00021327 
   0.00021327 
   0.00021327 
   0.00021326 
   0.00021326 
   0.00021327 
   0.00021327 
   0.00021327 
   0.00021327 
   0.00021327 
   0.00021328 
   0.00021331 
   0.00021335 
   0.00021345 
   0.00021362 
   0.00021395 
   0.00021449 
   0.00021529 
   0.00021632 
   0.00021738 
   0.00021813 
   0.00021850 
   0.00021877 
   0.00021889 
   0.00021885 
   0.00021868 
   0.00021843 
   0.00021807 
   0.00021766 
   0.00021721 
   0.00021672 
   0.00021623 
   0.00021581 
   0.00021546 
   0.00021523 
   0.00021510 
   0.00021506 
   0.00021515 
   0.00021535 
   0.00021561 
   0.00021582 
   0.00021595 
   0.00021603 
   0.00021603 
   0.00021602 
   0.00021597 
   0.00021582 
   0.00021553 
   0.00021507 
   0.00021464 
   0.00021429 
   0.00021392 
   0.00021361 
   0.00021331 
   0.00021310 
   0.00021310 
   0.00021316 
   0.00021322 
   0.00021327 
   0.00021327 
   0.00021327 
   0.00021327 
   0.00021327 
   0.00021327 
   0.00021327 
   0.00021327 
   0.00021327 
   0.00021327 
   0.00021327 
   0.00021327 
   0.00021327 
   0.00021327 
   0.00021327 
   0.00021328 
   0.00021329 
   0.00021332 
   0.00021337 
   0.00021346 
   0.00021363 
   0.00021391 
   0.00021435 
   0.00021498 
   0.00021582 
   0.00021683 
   0.00021805 
   0.00021892 
   0.00021941 
   0.00021963 
   0.00021965 
   0.00021953 
   0.00021929 
   0.00021896 
   0.00021856 
   0.00021811 
   0.00021761 
   0.00021707 
   0.00021655 
   0.00021607 
   0.00021564 
   0.00021525 
   0.00021498 
   0.00021480 
   0.00021476 
   0.00021488 
   0.00021510 
   0.00021531 
   0.00021545 
   0.00021556 
   0.00021560 
   0.00021561 
   0.00021560 
   0.00021549 
   0.00021523 
   0.00021479 
   0.00021431 
   0.00021395 
   0.00021362 
   0.00021338 
   0.00021321 
   0.00021320 
   0.00021323 
   0.00021326 
   0.00021327 
   0.00021327 
   0.00021327 
   0.00021327 
   0.00021327 
   0.00021327 
   0.00021327 
   0.00021327 
   0.00021327 
   0.00021327 
   0.00021327 
   0.00021327 
   0.00021327 
   0.00021327 
   0.00021327 
   0.00021328 
   0.00021329 
   0.00021332 
   0.00021337 
   0.00021345 
   0.00021359 
   0.00021381 
   0.00021415 
   0.00021464 
   0.00021531 
   0.00021618 
   0.00021722 
   0.00021818 
   0.00021884 
   0.00021922 
   0.00021938 
   0.00021937 
   0.00021926 
   0.00021906 
   0.00021878 
   0.00021842 
   0.00021803 
   0.00021761 
   0.00021718 
   0.00021672 
   0.00021623 
   0.00021576 
   0.00021533 
   0.00021500 
   0.00021473 
   0.00021460 
   0.00021459 
   0.00021475 
   0.00021498 
   0.00021520 
   0.00021533 
   0.00021544 
   0.00021550 
   0.00021556 
   0.00021550 
   0.00021530 
   0.00021491 
   0.00021440 
   0.00021397 
   0.00021363 
   0.00021346 
   0.00021342 
   0.00021338 
   0.00021333 
   0.00021327 
   0.00021327 
   0.00021327 
   0.00021327 
   0.00021327 
   0.00021327 
   0.00021327 
   0.00021327 
   0.00021327 
   0.00021327 
   0.00021327 
   0.00021327 
   0.00021327 
   0.00021327 
   0.00021327 
   0.00021328 
   0.00021329 
   0.00021332 
   0.00021336 
   0.00021342 
   0.00021353 
   0.00021370 
   0.00021396 
   0.00021432 
   0.00021481 
   0.00021544 
   0.00021618 
   0.00021688 
   0.00021744 
   0.00021784 
   0.00021812 
   0.00021828 
   0.00021834 
   0.00021830 
   0.00021819 
   0.00021803 
   0.00021781 
   0.00021757 
   0.00021728 
   0.00021695 
   0.00021660 
   0.00021622 
   0.00021583 
   0.00021543 
   0.00021509 
   0.00021477 
   0.00021457 
   0.00021450 
   0.00021456 
   0.00021474 
   0.00021502 
   0.00021524 
   0.00021539 
   0.00021553 
   0.00021569 
   0.00021575 
   0.00021564 
   0.00021532 
   0.00021486 
   0.00021442 
   0.00021409 
   0.00021382 
   0.00021362 
   0.00021343 
   0.00021327 
   0.00021327 
   0.00021327 
   0.00021327 
   0.00021327 
   0.00021327 
   0.00021327 
   0.00021327 
   0.00021327 
   0.00021327 
   0.00021327 
   0.00021327 
   0.00021327 
   0.00021327 
   0.00021327 
   0.00021328 
   0.00021329 
   0.00021331 
   0.00021334 
   0.00021339 
   0.00021347 
   0.00021360 
   0.00021378 
   0.00021403 
   0.00021437 
   0.00021479 
   0.00021527 
   0.00021574 
   0.00021614 
   0.00021647 
   0.00021671 
   0.00021689 
   0.00021700 
   0.00021707 
   0.00021710 
   0.00021711 
   0.00021709 
   0.00021701 
   0.00021688 
   0.00021672 
   0.00021651 
   0.00021626 
   0.00021598 
   0.00021568 
   0.00021539 
   0.00021511 
   0.00021481 
   0.00021459 
   0.00021445 
   0.00021442 
   0.00021453 
   0.00021478 
   0.00021508 
   0.00021529 
   0.00021549 
   0.00021573 
   0.00021592 
   0.00021598 
   0.00021579 
   0.00021534 
   0.00021481 
   0.00021432 
   0.00021389 
   0.00021355 
   0.00021327 
   0.00021327 
   0.00021327 
   0.00021327 
   0.00021327 
   0.00021327 
   0.00021327 
   0.00021327 
   0.00021327 
   0.00021327 
   0.00021327 
   0.00021327 
   0.00021327 
   0.00021327 
   0.00021327 
   0.00021328 
   0.00021329 
   0.00021330 
   0.00021332 
   0.00021336 
   0.00021342 
   0.00021351 
   0.00021363 
   0.00021380 
   0.00021402 
   0.00021429 
   0.00021459 
   0.00021488 
   0.00021515 
   0.00021538 
   0.00021557 
   0.00021572 
   0.00021583 
   0.00021591 
   0.00021598 
   0.00021604 
   0.00021607 
   0.00021609 
   0.00021609 
   0.00021607 
   0.00021602 
   0.00021593 
   0.00021580 
   0.00021564 
   0.00021546 
   0.00021526 
   0.00021505 
   0.00021483 
   0.00021462 
   0.00021445 
   0.00021435 
   0.00021436 
   0.00021449 
   0.00021476 
   0.00021505 
   0.00021530 
   0.00021557 
   0.00021579 
   0.00021595 
   0.00021586 
   0.00021541 
   0.00021471 
   0.00021409 
   0.00021364 
   0.00021327 
   0.00021327 
   0.00021327 
   0.00021327 
   0.00021327 
   0.00021327 
   0.00021327 
   0.00021327 
   0.00021327 
   0.00021327 
   0.00021327 
   0.00021327 
   0.00021327 
   0.00021327 
   0.00021327 
   0.00021327 
   0.00021328 
   0.00021329 
   0.00021331 
   0.00021334 
   0.00021338 
   0.00021344 
   0.00021352 
   0.00021363 
   0.00021377 
   0.00021393 
   0.00021411 
   0.00021429 
   0.00021447 
   0.00021462 
   0.00021475 
   0.00021485 
   0.00021494 
   0.00021502 
   0.00021508 
   0.00021514 
   0.00021519 
   0.00021523 
   0.00021527 
   0.00021529 
   0.00021529 
   0.00021529 
   0.00021527 
   0.00021523 
   0.00021517 
   0.00021509 
   0.00021500 
   0.00021488 
   0.00021475 
   0.00021461 
   0.00021448 
   0.00021437 
   0.00021432 
   0.00021438 
   0.00021456 
   0.00021482 
   0.00021507 
   0.00021525 
   0.00021541 
   0.00021544 
   0.00021525 
   0.00021470 
   0.00021413 
   0.00021366 
   0.00021327 
   0.00021327 
   0.00021327 
   0.00021327 
   0.00021327 
   0.00021327 
   0.00021327 
   0.00021327 
   0.00021327 
   0.00021327 
   0.00021327 
   0.00021327 
   0.00021327 
   0.00021327 
   0.00021327 
   0.00021327 
   0.00021328 
   0.00021329 
   0.00021330 
   0.00021332 
   0.00021334 
   0.00021338 
   0.00021343 
   0.00021350 
   0.00021359 
   0.00021369 
   0.00021379 
   0.00021390 
   0.00021401 
   0.00021411 
   0.00021419 
   0.00021426 
   0.00021433 
   0.00021438 
   0.00021443 
   0.00021448 
   0.00021452 
   0.00021456 
   0.00021460 
   0.00021463 
   0.00021466 
   0.00021468 
   0.00021469 
   0.00021469 
   0.00021468 
   0.00021467 
   0.00021465 
   0.00021462 
   0.00021458 
   0.00021452 
   0.00021446 
   0.00021439 
   0.00021435 
   0.00021435 
   0.00021439 
   0.00021448 
   0.00021464 
   0.00021486 
   0.00021496 
   0.00021498 
   0.00021482 
   0.00021448 
   0.00021404 
   0.00021363 
   0.00021327 
   0.00021327 
   0.00021327 
   0.00021327 
   0.00021327 
   0.00021327 
   0.00021327 
   0.00021327 
   0.00021327 
   0.00021327 
   0.00021327 
   0.00021327 
   0.00021327 
   0.00021327 
   0.00021327 
   0.00021327 
   0.00021327 
   0.00021328 
   0.00021329 
   0.00021330 
   0.00021332 
   0.00021334 
   0.00021337 
   0.00021342 
   0.00021347 
   0.00021352 
   0.00021359 
   0.00021365 
   0.00021372 
   0.00021378 
   0.00021383 
   0.00021388 
   0.00021392 
   0.00021396 
   0.00021399 
   0.00021403 
   0.00021406 
   0.00021409 
   0.00021412 
   0.00021415 
   0.00021417 
   0.00021419 
   0.00021421 
   0.00021422 
   0.00021423 
   0.00021424 
   0.00021425 
   0.00021425 
   0.00021424 
   0.00021422 
   0.00021420 
   0.00021421 
   0.00021422 
   0.00021423 
   0.00021426 
   0.00021432 
   0.00021438 
   0.00021445 
   0.00021457 
   0.00021467 
   0.00021457 
   0.00021427 
   0.00021391 
   0.00021357 
   0.00021327 
   0.00021327 
   0.00021327 
   0.00021327 
   0.00021327 
   0.00021327 
   0.00021327 
   0.00021327 
   0.00021327 
   0.00021327 
   0.00021327 
   0.00021327 
   0.00021327 
   0.00021327 
   0.00021327 
   0.00021327 
   0.00021327 
   0.00021327 
   0.00021328 
   0.00021329 
   0.00021330 
   0.00021331 
   0.00021333 
   0.00021336 
   0.00021339 
   0.00021342 
   0.00021346 
   0.00021349 
   0.00021353 
   0.00021357 
   0.00021360 
   0.00021363 
   0.00021365 
   0.00021368 
   0.00021370 
   0.00021372 
   0.00021375 
   0.00021377 
   0.00021379 
   0.00021381 
   0.00021382 
   0.00021384 
   0.00021386 
   0.00021387 
   0.00021388 
   0.00021390 
   0.00021391 
   0.00021391 
   0.00021392 
   0.00021392 
   0.00021392 
   0.00021393 
   0.00021395 
   0.00021397 
   0.00021399 
   0.00021404 
   0.00021411 
   0.00021419 
   0.00021425 
   0.00021425 
   0.00021420 
   0.00021402 
   0.00021375 
   0.00021350 
   0.00021327 
   0.00021327 
   0.00021327 
   0.00021327 
   0.00021327 
   0.00021327 
   0.00021327 
   0.00021327 
   0.00021327 
   0.00021327 
   0.00021327 
   0.00021327 
   0.00021327 
   0.00021327 
   0.00021327 
   0.00021327 
   0.00021327 
   0.00021327 
   0.00021327 
   0.00021328 
   0.00021328 
   0.00021329 
   0.00021330 
   0.00021332 
   0.00021333 
   0.00021335 
   0.00021337 
   0.00021339 
   0.00021341 
   0.00021343 
   0.00021345 
   0.00021347 
   0.00021348 
   0.00021350 
   0.00021351 
   0.00021352 
   0.00021353 
   0.00021355 
   0.00021356 
   0.00021357 
   0.00021358 
   0.00021359 
   0.00021361 
   0.00021362 
   0.00021363 
   0.00021363 
   0.00021364 
   0.00021365 
   0.00021365 
   0.00021366 
   0.00021367 
   0.00021368 
   0.00021369 
   0.00021371 
   0.00021373 
   0.00021376 
   0.00021381 
   0.00021385 
   0.00021388 
   0.00021387 
   0.00021383 
   0.00021373 
   0.00021357 
   0.00021342 
   0.00021327 
   0.00021327 
   0.00021327 
   0.00021327 
   0.00021327 
   0.00021327 
   0.00021327 
   0.00021327 
   0.00021327 
   0.00021327 
   0.00021327 
   0.00021327 
   0.00021327 
   0.00021327 
   0.00021327 
   0.00021327 
   0.00021327 
   0.00021327 
   0.00021327 
   0.00021327 
   0.00021327 
   0.00021328 
   0.00021328 
   0.00021329 
   0.00021330 
   0.00021330 
   0.00021331 
   0.00021332 
   0.00021333 
   0.00021334 
   0.00021335 
   0.00021335 
   0.00021336 
   0.00021337 
   0.00021337 
   0.00021338 
   0.00021339 
   0.00021339 
   0.00021340 
   0.00021340 
   0.00021341 
   0.00021341 
   0.00021342 
   0.00021342 
   0.00021343 
   0.00021343 
   0.00021344 
   0.00021344 
   0.00021345 
   0.00021345 
   0.00021345 
   0.00021346 
   0.00021347 
   0.00021347 
   0.00021349 
   0.00021350 
   0.00021352 
   0.00021354 
   0.00021355 
   0.00021355 
   0.00021353 
   0.00021348 
   0.00021341 
   0.00021334 
