AU cavern length 7.77 d1: 6.90 d2: 7.50
points from cavern top:

667468.2848	158887.4595	1735.5805
667471.2506	158887.8410	1738.1532
667471.6038	158890.3495	1738.0018
667468.4625	158890.8750	1735.5293
667468.7675	158892.0453	1735.3440
667471.0079	158891.6819	1737.5137
667472.5523	158892.1362	1736.2042
667473.3690	158891.9960	1735.5610
667473.3619	158890.6907	1735.1707
667471.4210	158885.8917	1735.4600
667468.1635	158885.9695	1735.4725
667471.0834	158892.4541	1736.1472
667470.3694	158892.6734	1733.2424
667470.3864	158892.4612	1735.6497
667473.5340	158892.1865	1733.1505
667473.3472	158892.5752	1733.7731
667473.7920	158889.2420	1732.7935
667473.3320	158885.7420	1734.6735
667474.3325	158885.2670	1732.8130
667466.6200	158885.6490	1732.5410
667466.6200	158889.2650	1732.4980
667467.2960	158892.7090	1732.4820
667473.8340	158891.9370	1732.4360
667473.7130	158885.2770	1732.4810
667472.4720	158888.0140	1738.2950
667469.6730	158886.0470	1737.4310
667468.3460 158891.8353 1737.4073
667468.1925 158892.2824 1735.5309
667467.0210 158885.9800 1736.0240
667466.8700 158889.2540 1735.8860
