excavation S3:

667472.6170     158921.6110     1735.1910
667473.4720     158923.1230     1734.9510
667472.2170     158924.0770     1735.1070
667471.4580     158923.5750     1736.9870
667471.8460     158921.7390     1737.4960
667468.9980     158922.9530     1734.5400
667468.9730     158923.8500     1734.4370
667470.7360     158923.5930     1733.2790
667468.7060     158923.7250     1733.5720
667468.6950     158922.8760     1733.5950
667470.7790     158922.6680     1733.4170
667470.8860     158923.5570     1732.9780
667472.0705     158922.8085     1736.7080	
667471.6345     158923.0030     1735.8815
667470.6850     158922.9405     1734.9585
667469.8455     158923.0315     1733.9095