8.8914 10.21 11.528 12.846 14.164 15.483 16.801 18.119 19.437 20.756 22.074 23.392 24.71 26.028 27.347 28.665 29.983 31.301 32.62 33.938 35.256 36.574 37.893 39.211 40.529 41.847 43.166 44.484 45.802 47.12 48.439 49.757 51.075 52.393 53.711 55.03 56.348 57.666 58.984 60.303 61.621 62.939 64.257 65.576 66.894 68.212 69.53 70.849 72.167 73.485
8.8914 10.21 11.528 12.846 14.164 15.483 16.801 18.119 19.437 20.756 22.074 23.392 24.71 26.028 27.347 28.665 29.983 31.301 32.62 33.938 35.256 36.574 37.893 39.211 40.529 41.847 43.166 44.484 45.802 47.12 48.439 49.757 51.075 52.393 53.711 55.03 56.348 57.666 58.984 60.303 61.621 62.939 64.257 65.576 66.894 68.212 69.53 70.849 72.167 73.485
8.8914 10.21 11.528 12.846 14.164 15.483 16.801 18.119 19.437 20.756 22.074 23.392 24.71 26.028 27.347 28.665 29.983 31.301 32.62 33.938 35.256 36.574 37.893 39.211 40.529 41.847 43.166 44.484 45.802 47.12 48.439 49.757 51.075 52.393 53.711 55.03 56.348 57.666 58.984 60.303 61.621 62.939 64.257 65.576 66.894 68.212 69.53 70.849 72.167 73.485
8.8914 10.21 11.528 12.846 14.164 15.483 16.801 18.119 19.437 20.756 22.074 23.392 24.71 26.028 27.347 28.665 29.983 31.301 32.62 33.938 35.256 36.574 37.893 39.211 40.529 41.847 43.166 44.484 45.802 47.12 48.439 49.757 51.075 52.393 53.711 55.03 56.348 57.666 58.984 60.303 61.621 62.939 64.257 65.576 66.894 68.212 69.53 70.849 72.167 73.485
8.8914 10.21 11.528 12.846 14.164 15.483 16.801 18.119 19.437 20.756 22.074 23.392 24.71 26.028 27.347 28.665 29.983 31.301 32.62 33.938 35.256 36.574 37.893 39.211 40.529 41.847 43.166 44.484 45.802 47.12 48.439 49.757 51.075 52.393 53.711 55.03 56.348 57.666 58.984 60.303 61.621 62.939 64.257 65.576 66.894 68.212 69.53 70.849 72.167 73.485
8.8914 10.21 11.528 12.846 14.164 15.483 16.801 18.119 19.437 20.756 22.074 23.392 24.71 26.028 27.347 28.665 29.983 31.301 32.62 33.938 35.256 36.574 37.893 39.211 40.529 41.847 43.166 44.484 45.802 47.12 48.439 49.757 51.075 52.393 53.711 55.03 56.348 57.666 58.984 60.303 61.621 62.939 64.257 65.576 66.894 68.212 69.53 70.849 72.167 73.485
8.8914 10.21 11.528 12.846 14.164 15.483 16.801 18.119 19.437 20.756 22.074 23.392 24.71 26.028 27.347 28.665 29.983 31.301 32.62 33.938 35.256 36.574 37.893 39.211 40.529 41.847 43.166 44.484 45.802 47.12 48.439 49.757 51.075 52.393 53.711 55.03 56.348 57.666 58.984 60.303 61.621 62.939 64.257 65.576 66.894 68.212 69.53 70.849 72.167 73.485
8.8914 10.21 11.528 12.846 14.164 15.483 16.801 18.119 19.437 20.756 22.074 23.392 24.71 26.028 27.347 28.665 29.983 31.301 32.62 33.938 35.256 36.574 37.893 39.211 40.529 41.847 43.166 44.484 45.802 47.12 48.439 49.757 51.075 52.393 53.711 55.03 56.348 57.666 58.984 60.303 61.621 62.939 64.257 65.576 66.894 68.212 69.53 70.849 72.167 73.485
8.8914 10.21 11.528 12.846 14.164 15.483 16.801 18.119 19.437 20.756 22.074 23.392 24.71 26.028 27.347 28.665 29.983 31.301 32.62 33.938 35.256 36.574 37.893 39.211 40.529 41.847 43.166 44.484 45.802 47.12 48.439 49.757 51.075 52.393 53.711 55.03 56.348 57.666 58.984 60.303 61.621 62.939 64.257 65.576 66.894 68.212 69.53 70.849 72.167 73.485
8.8914 10.21 11.528 12.846 14.164 15.483 16.801 18.119 19.437 20.756 22.074 23.392 24.71 26.028 27.347 28.665 29.983 31.301 32.62 33.938 35.256 36.574 37.893 39.211 40.529 41.847 43.166 44.484 45.802 47.12 48.439 49.757 51.075 52.393 53.711 55.03 56.348 57.666 58.984 60.303 61.621 62.939 64.257 65.576 66.894 68.212 69.53 70.849 72.167 73.485
8.8914 10.21 11.528 12.846 14.164 15.483 16.801 18.119 19.437 20.756 22.074 23.392 24.71 26.028 27.347 28.665 29.983 31.301 32.62 33.938 35.256 36.574 37.893 39.211 40.529 41.847 43.166 44.484 45.802 47.12 48.439 49.757 51.075 52.393 53.711 55.03 56.348 57.666 58.984 60.303 61.621 62.939 64.257 65.576 66.894 68.212 69.53 70.849 72.167 73.485
8.8914 10.21 11.528 12.846 14.164 15.483 16.801 18.119 19.437 20.756 22.074 23.392 24.71 26.028 27.347 28.665 29.983 31.301 32.62 33.938 35.256 36.574 37.893 39.211 40.529 41.847 43.166 44.484 45.802 47.12 48.439 49.757 51.075 52.393 53.711 55.03 56.348 57.666 58.984 60.303 61.621 62.939 64.257 65.576 66.894 68.212 69.53 70.849 72.167 73.485
8.8914 10.21 11.528 12.846 14.164 15.483 16.801 18.119 19.437 20.756 22.074 23.392 24.71 26.028 27.347 28.665 29.983 31.301 32.62 33.938 35.256 36.574 37.893 39.211 40.529 41.847 43.166 44.484 45.802 47.12 48.439 49.757 51.075 52.393 53.711 55.03 56.348 57.666 58.984 60.303 61.621 62.939 64.257 65.576 66.894 68.212 69.53 70.849 72.167 73.485
8.8914 10.21 11.528 12.846 14.164 15.483 16.801 18.119 19.437 20.756 22.074 23.392 24.71 26.028 27.347 28.665 29.983 31.301 32.62 33.938 35.256 36.574 37.893 39.211 40.529 41.847 43.166 44.484 45.802 47.12 48.439 49.757 51.075 52.393 53.711 55.03 56.348 57.666 58.984 60.303 61.621 62.939 64.257 65.576 66.894 68.212 69.53 70.849 72.167 73.485
8.8914 10.21 11.528 12.846 14.164 15.483 16.801 18.119 19.437 20.756 22.074 23.392 24.71 26.028 27.347 28.665 29.983 31.301 32.62 33.938 35.256 36.574 37.893 39.211 40.529 41.847 43.166 44.484 45.802 47.12 48.439 49.757 51.075 52.393 53.711 55.03 56.348 57.666 58.984 60.303 61.621 62.939 64.257 65.576 66.894 68.212 69.53 70.849 72.167 73.485
8.8914 10.21 11.528 12.846 14.164 15.483 16.801 18.119 19.437 20.756 22.074 23.392 24.71 26.028 27.347 28.665 29.983 31.301 32.62 33.938 35.256 36.574 37.893 39.211 40.529 41.847 43.166 44.484 45.802 47.12 48.439 49.757 51.075 52.393 53.711 55.03 56.348 57.666 58.984 60.303 61.621 62.939 64.257 65.576 66.894 68.212 69.53 70.849 72.167 73.485
8.8914 10.21 11.528 12.846 14.164 15.483 16.801 18.119 19.437 20.756 22.074 23.392 24.71 26.028 27.347 28.665 29.983 31.301 32.62 33.938 35.256 36.574 37.893 39.211 40.529 41.847 43.166 44.484 45.802 47.12 48.439 49.757 51.075 52.393 53.711 55.03 56.348 57.666 58.984 60.303 61.621 62.939 64.257 65.576 66.894 68.212 69.53 70.849 72.167 73.485
8.8914 10.21 11.528 12.846 14.164 15.483 16.801 18.119 19.437 20.756 22.074 23.392 24.71 26.028 27.347 28.665 29.983 31.301 32.62 33.938 35.256 36.574 37.893 39.211 40.529 41.847 43.166 44.484 45.802 47.12 48.439 49.757 51.075 52.393 53.711 55.03 56.348 57.666 58.984 60.303 61.621 62.939 64.257 65.576 66.894 68.212 69.53 70.849 72.167 73.485
8.8914 10.21 11.528 12.846 14.164 15.483 16.801 18.119 19.437 20.756 22.074 23.392 24.71 26.028 27.347 28.665 29.983 31.301 32.62 33.938 35.256 36.574 37.893 39.211 40.529 41.847 43.166 44.484 45.802 47.12 48.439 49.757 51.075 52.393 53.711 55.03 56.348 57.666 58.984 60.303 61.621 62.939 64.257 65.576 66.894 68.212 69.53 70.849 72.167 73.485
8.8914 10.21 11.528 12.846 14.164 15.483 16.801 18.119 19.437 20.756 22.074 23.392 24.71 26.028 27.347 28.665 29.983 31.301 32.62 33.938 35.256 36.574 37.893 39.211 40.529 41.847 43.166 44.484 45.802 47.12 48.439 49.757 51.075 52.393 53.711 55.03 56.348 57.666 58.984 60.303 61.621 62.939 64.257 65.576 66.894 68.212 69.53 70.849 72.167 73.485
87.565 87.565 87.565 87.565 87.565 87.565 87.565 87.565 87.565 87.565 87.565 87.565 87.565 87.565 87.565 87.565 87.565 87.565 87.565 87.565 87.565 87.565 87.565 87.565 87.565 87.565 87.565 87.565 87.565 87.565 87.565 87.565 87.565 87.565 87.565 87.565 87.565 87.565 87.565 87.565 87.565 87.565 87.565 87.565 87.565 87.565 87.565 87.565 87.565 87.565
89.579 89.579 89.579 89.579 89.579 89.579 89.579 89.579 89.579 89.579 89.579 89.579 89.579 89.579 89.579 89.579 89.579 89.579 89.579 89.579 89.579 89.579 89.579 89.579 89.579 89.579 89.579 89.579 89.579 89.579 89.579 89.579 89.579 89.579 89.579 89.579 89.579 89.579 89.579 89.579 89.579 89.579 89.579 89.579 89.579 89.579 89.579 89.579 89.579 89.579
91.593 91.593 91.593 91.593 91.593 91.593 91.593 91.593 91.593 91.593 91.593 91.593 91.593 91.593 91.593 91.593 91.593 91.593 91.593 91.593 91.593 91.593 91.593 91.593 91.593 91.593 91.593 91.593 91.593 91.593 91.593 91.593 91.593 91.593 91.593 91.593 91.593 91.593 91.593 91.593 91.593 91.593 91.593 91.593 91.593 91.593 91.593 91.593 91.593 91.593
93.606 93.606 93.606 93.606 93.606 93.606 93.606 93.606 93.606 93.606 93.606 93.606 93.606 93.606 93.606 93.606 93.606 93.606 93.606 93.606 93.606 93.606 93.606 93.606 93.606 93.606 93.606 93.606 93.606 93.606 93.606 93.606 93.606 93.606 93.606 93.606 93.606 93.606 93.606 93.606 93.606 93.606 93.606 93.606 93.606 93.606 93.606 93.606 93.606 93.606
95.62 95.62 95.62 95.62 95.62 95.62 95.62 95.62 95.62 95.62 95.62 95.62 95.62 95.62 95.62 95.62 95.62 95.62 95.62 95.62 95.62 95.62 95.62 95.62 95.62 95.62 95.62 95.62 95.62 95.62 95.62 95.62 95.62 95.62 95.62 95.62 95.62 95.62 95.62 95.62 95.62 95.62 95.62 95.62 95.62 95.62 95.62 95.62 95.62 95.62
97.634 97.634 97.634 97.634 97.634 97.634 97.634 97.634 97.634 97.634 97.634 97.634 97.634 97.634 97.634 97.634 97.634 97.634 97.634 97.634 97.634 97.634 97.634 97.634 97.634 97.634 97.634 97.634 97.634 97.634 97.634 97.634 97.634 97.634 97.634 97.634 97.634 97.634 97.634 97.634 97.634 97.634 97.634 97.634 97.634 97.634 97.634 97.634 97.634 97.634
99.648 99.648 99.648 99.648 99.648 99.648 99.648 99.648 99.648 99.648 99.648 99.648 99.648 99.648 99.648 99.648 99.648 99.648 99.648 99.648 99.648 99.648 99.648 99.648 99.648 99.648 99.648 99.648 99.648 99.648 99.648 99.648 99.648 99.648 99.648 99.648 99.648 99.648 99.648 99.648 99.648 99.648 99.648 99.648 99.648 99.648 99.648 99.648 99.648 99.648
101.66 101.66 101.66 101.66 101.66 101.66 101.66 101.66 101.66 101.66 101.66 101.66 101.66 101.66 101.66 101.66 101.66 101.66 101.66 101.66 101.66 101.66 101.66 101.66 101.66 101.66 101.66 101.66 101.66 101.66 101.66 101.66 101.66 101.66 101.66 101.66 101.66 101.66 101.66 101.66 101.66 101.66 101.66 101.66 101.66 101.66 101.66 101.66 101.66 101.66
103.68 103.68 103.68 103.68 103.68 103.68 103.68 103.68 103.68 103.68 103.68 103.68 103.68 103.68 103.68 103.68 103.68 103.68 103.68 103.68 103.68 103.68 103.68 103.68 103.68 103.68 103.68 103.68 103.68 103.68 103.68 103.68 103.68 103.68 103.68 103.68 103.68 103.68 103.68 103.68 103.68 103.68 103.68 103.68 103.68 103.68 103.68 103.68 103.68 103.68
105.69 105.69 105.69 105.69 105.69 105.69 105.69 105.69 105.69 105.69 105.69 105.69 105.69 105.69 105.69 105.69 105.69 105.69 105.69 105.69 105.69 105.69 105.69 105.69 105.69 105.69 105.69 105.69 105.69 105.69 105.69 105.69 105.69 105.69 105.69 105.69 105.69 105.69 105.69 105.69 105.69 105.69 105.69 105.69 105.69 105.69 105.69 105.69 105.69 105.69
107.7 107.7 107.7 107.7 107.7 107.7 107.7 107.7 107.7 107.7 107.7 107.7 107.7 107.7 107.7 107.7 107.7 107.7 107.7 107.7 107.7 107.7 107.7 107.7 107.7 107.7 107.7 107.7 107.7 107.7 107.7 107.7 107.7 107.7 107.7 107.7 107.7 107.7 107.7 107.7 107.7 107.7 107.7 107.7 107.7 107.7 107.7 107.7 107.7 107.7
109.72 109.72 109.72 109.72 109.72 109.72 109.72 109.72 109.72 109.72 109.72 109.72 109.72 109.72 109.72 109.72 109.72 109.72 109.72 109.72 109.72 109.72 109.72 109.72 109.72 109.72 109.72 109.72 109.72 109.72 109.72 109.72 109.72 109.72 109.72 109.72 109.72 109.72 109.72 109.72 109.72 109.72 109.72 109.72 109.72 109.72 109.72 109.72 109.72 109.72
111.73 111.73 111.73 111.73 111.73 111.73 111.73 111.73 111.73 111.73 111.73 111.73 111.73 111.73 111.73 111.73 111.73 111.73 111.73 111.73 111.73 111.73 111.73 111.73 111.73 111.73 111.73 111.73 111.73 111.73 111.73 111.73 111.73 111.73 111.73 111.73 111.73 111.73 111.73 111.73 111.73 111.73 111.73 111.73 111.73 111.73 111.73 111.73 111.73 111.73
113.74 113.74 113.74 113.74 113.74 113.74 113.74 113.74 113.74 113.74 113.74 113.74 113.74 113.74 113.74 113.74 113.74 113.74 113.74 113.74 113.74 113.74 113.74 113.74 113.74 113.74 113.74 113.74 113.74 113.74 113.74 113.74 113.74 113.74 113.74 113.74 113.74 113.74 113.74 113.74 113.74 113.74 113.74 113.74 113.74 113.74 113.74 113.74 113.74 113.74
115.76 115.76 115.76 115.76 115.76 115.76 115.76 115.76 115.76 115.76 115.76 115.76 115.76 115.76 115.76 115.76 115.76 115.76 115.76 115.76 115.76 115.76 115.76 115.76 115.76 115.76 115.76 115.76 115.76 115.76 115.76 115.76 115.76 115.76 115.76 115.76 115.76 115.76 115.76 115.76 115.76 115.76 115.76 115.76 115.76 115.76 115.76 115.76 115.76 115.76
117.77 117.77 117.77 117.77 117.77 117.77 117.77 117.77 117.77 117.77 117.77 117.77 117.77 117.77 117.77 117.77 117.77 117.77 117.77 117.77 117.77 117.77 117.77 117.77 117.77 117.77 117.77 117.77 117.77 117.77 117.77 117.77 117.77 117.77 117.77 117.77 117.77 117.77 117.77 117.77 117.77 117.77 117.77 117.77 117.77 117.77 117.77 117.77 117.77 117.77
119.79 119.79 119.79 119.79 119.79 119.79 119.79 119.79 119.79 119.79 119.79 119.79 119.79 119.79 119.79 119.79 119.79 119.79 119.79 119.79 119.79 119.79 119.79 119.79 119.79 119.79 119.79 119.79 119.79 119.79 119.79 119.79 119.79 119.79 119.79 119.79 119.79 119.79 119.79 119.79 119.79 119.79 119.79 119.79 119.79 119.79 119.79 119.79 119.79 119.79
121.8 121.8 121.8 121.8 121.8 121.8 121.8 121.8 121.8 121.8 121.8 121.8 121.8 121.8 121.8 121.8 121.8 121.8 121.8 121.8 121.8 121.8 121.8 121.8 121.8 121.8 121.8 121.8 121.8 121.8 121.8 121.8 121.8 121.8 121.8 121.8 121.8 121.8 121.8 121.8 121.8 121.8 121.8 121.8 121.8 121.8 121.8 121.8 121.8 121.8
123.81 123.81 123.81 123.81 123.81 123.81 123.81 123.81 123.81 123.81 123.81 123.81 123.81 123.81 123.81 123.81 123.81 123.81 123.81 123.81 123.81 123.81 123.81 123.81 123.81 123.81 123.81 123.81 123.81 123.81 123.81 123.81 123.81 123.81 123.81 123.81 123.81 123.81 123.81 123.81 123.81 123.81 123.81 123.81 123.81 123.81 123.81 123.81 123.81 123.81
125.83 125.83 125.83 125.83 125.83 125.83 125.83 125.83 125.83 125.83 125.83 125.83 125.83 125.83 125.83 125.83 125.83 125.83 125.83 125.83 125.83 125.83 125.83 125.83 125.83 125.83 125.83 125.83 125.83 125.83 125.83 125.83 125.83 125.83 125.83 125.83 125.83 125.83 125.83 125.83 125.83 125.83 125.83 125.83 125.83 125.83 125.83 125.83 125.83 125.83
34.877 32.423 29.847 27.146 24.276 21.204 17.911 14.396 10.672 6.7625 2.6998 -1.4759 -5.7214 -9.9929 -14.247 -18.441 -22.537 -26.5 -30.299 -33.912 -37.319 -40.51 -43.478 -46.22 -48.739 -51.034 -53.108 -54.963 -56.6 -58.022 -59.234 -60.246 -61.069 -61.72 -62.219 -62.588 -62.85 -63.027 -63.139 -63.2 -63.222 -63.21 -63.17 -63.101 -63.008 -62.894 -62.761 -62.617 -62.466 -62.312
40.452 37.863 35.252 32.548 29.703 26.683 23.478 20.073 16.471 12.69 8.7565 4.7061 0.57641 -3.5919 -7.7569 -11.877 -15.914 -19.831 -23.596 -27.182 -30.567 -33.735 -36.674 -39.381 -41.854 -44.097 -46.114 -47.912 -49.496 -50.874 -52.056 -53.054 -53.884 -54.564 -55.116 -55.562 -55.923 -56.218 -56.461 -56.664 -56.833 -56.972 -57.086 -57.178 -57.251 -57.31 -57.359 -57.401 -57.44 -57.478
46.077 43.393 40.696 37.944 35.111 32.146 29.031 25.739 22.26 18.61 14.81 10.887 6.8747 2.8108 -1.264 -5.3093 -9.2858 -13.156 -16.887 -20.447 -23.81 -26.956 -29.869 -32.541 -34.97 -37.16 -39.12 -40.859 -42.389 -43.724 -44.875 -45.859 -46.695 -47.405 -48.012 -48.537 -48.999 -49.413 -49.789 -50.132 -50.446 -50.735 -51.003 -51.253 -51.493 -51.725 -51.956 -52.186 -52.416 -52.647
51.712 48.957 46.192 43.393 40.533 37.579 34.542 31.366 28.021 24.511 20.853 17.064 13.173 9.2174 5.2369 1.2701 -2.6434 -6.4656 -10.16 -13.694 -17.037 -20.163 -23.053 -25.695 -28.083 -30.223 -32.124 -33.803 -35.277 -36.563 -37.682 -38.653 -39.498 -40.241 -40.907 -41.516 -42.084 -42.62 -43.128 -43.61 -44.067 -44.501 -44.919 -45.326 -45.732 -46.14 -46.554 -46.973 -47.397 -47.823
57.332 54.527 51.715 48.882 46.006 43.07 40.061 36.955 33.727 30.373 26.874 23.226 19.467 15.63 11.752 7.8702 4.025 0.25583 -3.3998 -6.9058 -10.229 -13.34 -16.214 -18.833 -21.188 -23.281 -25.125 -26.74 -28.152 -29.386 -30.468 -31.425 -32.284 -33.069 -33.804 -34.508 -35.189 -35.851 -36.491 -37.107 -37.698 -38.271 -38.833 -39.396 -39.968 -40.554 -41.154 -41.766 -42.385 -43.008
62.92 60.088 57.251 54.4 51.522 48.603 45.626 42.574 39.432 36.2 32.844 29.359 25.754 22.052 18.288 14.501 10.734 7.0246 3.4132 -0.061395 -3.3642 -6.4632 -9.3291 -11.937 -14.272 -16.328 -18.119 -19.668 -21.009 -22.18 -23.22 -24.165 -25.047 -25.89 -26.713 -27.527 -28.331 -29.121 -29.887 -30.627 -31.341 -32.042 -32.745 -33.463 -34.205 -34.972 -35.762 -36.568 -37.384 -38.204
68.468 65.63 62.788 59.938 57.07 54.173 51.233 48.238 45.177 42.04 38.806 35.469 32.027 28.482 24.848 21.174 17.499 13.859 10.301 6.8648 3.5849 0.49662 -2.3672 -4.9774 -7.3095 -9.3486 -11.097 -12.581 -13.842 -14.937 -15.925 -16.86 -17.782 -18.711 -19.65 -20.594 -21.531 -22.445 -23.325 -24.17 -24.992 -25.814 -26.656 -27.533 -28.449 -29.401 -30.382 -31.382 -32.394 -33.409
73.974 71.147 68.319 65.485 62.64 59.774 56.878 53.941 50.955 47.905 44.783 41.58 38.292 34.915 31.437 27.903 24.336 20.778 17.29 13.901 10.649 7.5744 4.7114 2.0883 -0.26303 -2.3128 -4.0432 -5.4692 -6.6437 -7.6489 -8.5766 -9.5061 -10.492 -11.545 -12.64 -13.739 -14.811 -15.835 -16.804 -17.73 -18.645 -19.584 -20.571 -21.615 -22.711 -23.85 -25.021 -26.212 -27.414 -28.619
79.438 76.639 73.839 71.036 68.224 65.399 62.552 59.677 56.762 53.8 50.781 47.698 44.545 41.317 38.017 34.663 31.249 27.808 24.411 21.076 17.86 14.808 11.951 9.3113 6.9241 4.8316 3.0772 1.6879 0.59762 -0.31364 -1.1818 -2.1182 -3.1942 -4.4181 -5.7157 -6.9938 -8.1908 -9.2924 -10.309 -11.289 -12.292 -13.36 -14.507 -15.728 -17.008 -18.332 -19.686 -21.058 -22.439 -23.824
84.862 82.104 79.345 76.584 73.817 71.042 68.252 65.44 62.599 59.722 56.801 53.83 50.803 47.717 44.574 41.38 38.143 34.89 31.665 28.416 25.259 22.242 19.393 16.745 14.32 12.17 10.336 8.9418 7.9027 7.0584 6.228 5.2423 4.0608 2.6343 1.0968 -0.37893 -1.6785 -2.7972 -3.8091 -4.8279 -5.9375 -7.1627 -8.4906 -9.8966 -11.358 -12.857 -14.38 -15.918 -17.463 -19.01
90.25 87.543 84.836 82.127 79.415 76.697 73.969 71.226 68.462 65.671 62.846 59.983 57.076 54.123 51.126 48.088 45.019 41.937 38.857 35.791 32.793 29.885 27.068 24.435 21.992 19.803 17.899 16.398 15.308 14.432 13.582 12.451 11.139 9.5562 7.8025 6.1324 4.744 3.7065 2.7436 1.6547 0.38454 -1.0352 -2.5576 -4.1463 -5.7771 -7.4344 -9.1076 -10.789 -12.475 -14.162
95.605 92.959 90.312 87.664 85.015 82.362 79.702 77.032 74.347 71.644 68.915 66.158 63.368 60.544 57.686 54.798 51.887 48.963 46.04 43.139 40.285 37.498 34.81 32.273 29.865 27.675 25.758 24.15 22.858 21.76 20.681 19.408 17.919 16.253 14.465 12.677 11.173 10.315 9.3658 8.1012 6.6037 4.9696 3.2579 1.5022 -0.27757 -2.0694 -3.8662 -5.6646 -7.463 -9.2612
100.93 98.354 95.774 93.194 90.613 88.031 85.445 82.853 80.252 77.637 75.007 72.356 69.682 66.984 64.262 61.518 58.757 55.987 53.219 50.471 47.759 45.104 42.535 40.077 37.75 35.606 33.685 31.949 30.427 29.034 27.654 26.179 24.575 22.879 21.164 19.496 18.05 17.046 15.929 14.367 12.634 10.809 8.9341 7.0364 5.1339 3.2362 1.3466 -0.53532 -2.4121 -4.2866
106.24 103.73 101.22 98.717 96.21 93.704 91.196 88.686 86.171 83.649 81.118 78.575 76.018 73.444 70.855 68.252 65.637 63.017 60.4 57.798 55.225 52.699 50.241 47.87 45.613 43.493 41.52 39.674 37.943 36.28 34.623 32.933 31.213 29.47 27.763 26.154 24.683 23.366 21.998 20.293 18.427 16.466 14.463 12.452 10.456 8.4838 6.5363 4.6081 2.6921 0.78106
111.52 109.09 106.66 104.23 101.8 99.378 96.952 94.528 92.103 89.676 87.247 84.813 82.372 79.924 77.467 75.002 72.531 70.058 67.587 65.127 62.689 60.286 57.931 55.642 53.434 51.313 49.278 47.314 45.401 43.517 41.64 39.765 37.906 36.065 34.292 32.609 30.981 29.386 27.728 25.916 23.972 21.936 19.846 17.752 15.692 13.679 11.71 9.776 7.8634 5.9596
116.8 114.45 112.09 109.74 107.4 105.05 102.71 100.38 98.043 95.715 93.389 91.066 88.743 86.42 84.095 81.769 79.44 77.11 74.783 72.462 70.153 67.865 65.606 63.385 61.206 59.07 56.968 54.891 52.826 50.766 48.712 46.676 44.67 42.707 40.799 38.935 37.08 35.235 33.335 31.372 29.339 27.238 25.098 22.955 20.857 18.831 16.877 14.978 13.113 11.262
122.06 119.79 117.52 115.25 112.99 110.73 108.47 106.23 103.99 101.76 99.542 97.33 95.126 92.929 90.737 88.548 86.361 84.174 81.988 79.802 77.618 75.438 73.264 71.097 68.936 66.775 64.609 62.43 60.236 58.032 55.828 53.64 51.482 49.36 47.272 45.2 43.126 41.038 38.921 36.776 34.628 32.449 30.268 28.1 25.979 23.961 22.05 20.225 18.449 16.691
127.31 125.13 122.94 120.76 118.58 116.4 114.24 112.08 109.94 107.81 105.7 103.6 101.52 99.447 97.388 95.337 93.291 91.247 89.2 87.147 85.083 83.004 80.907 78.785 76.633 74.445 72.218 69.949 67.644 65.314 62.972 60.635 58.313 56.01 53.719 51.43 49.133 46.825 44.51 42.2 39.911 37.642 35.407 33.226 31.114 29.102 27.247 25.524 23.873 22.238
132.57 130.46 128.36 126.26 124.17 122.08 120 117.94 115.9 113.87 111.86 109.88 107.91 105.97 104.04 102.13 100.23 98.326 96.418 94.495 92.548 90.567 88.54 86.458 84.312 82.097 79.811 77.461 75.054 72.605 70.13 67.642 65.149 62.653 60.152 57.642 55.125 52.606 50.101 47.627 45.201 42.835 40.544 38.345 36.256 34.298 32.502 30.876 29.373 27.876
137.82 135.8 133.78 131.76 129.75 127.75 125.77 123.8 121.85 119.92 118.03 116.16 114.31 112.5 110.7 108.93 107.17 105.41 103.64 101.84 100.01 98.127 96.169 94.125 91.984 89.741 87.4 84.97 82.465 79.901 77.294 74.653 71.986 69.294 66.579 63.848 61.112 58.387 55.693 53.055 50.493 48.029 45.68 43.465 41.401 39.507 37.798 36.274 34.895 33.561
