13.953 15.269 16.585 17.9 19.216 20.532 21.847 23.163 24.479 25.795 27.11 28.426 29.742 31.057 32.373 33.689 35.004 36.32 37.636 38.951 40.267 41.583 42.898 44.214 45.53 46.846 48.161 49.477 50.793 52.108 53.424 54.74 56.055 57.371 58.687 60.002 61.318 62.634 63.949 65.265 66.581 67.897 69.212 70.528 71.844 73.159 74.475 75.791 77.106 78.422
13.953 15.269 16.585 17.9 19.216 20.532 21.847 23.163 24.479 25.795 27.11 28.426 29.742 31.057 32.373 33.689 35.004 36.32 37.636 38.951 40.267 41.583 42.898 44.214 45.53 46.846 48.161 49.477 50.793 52.108 53.424 54.74 56.055 57.371 58.687 60.002 61.318 62.634 63.949 65.265 66.581 67.897 69.212 70.528 71.844 73.159 74.475 75.791 77.106 78.422
13.953 15.269 16.585 17.9 19.216 20.532 21.847 23.163 24.479 25.795 27.11 28.426 29.742 31.057 32.373 33.689 35.004 36.32 37.636 38.951 40.267 41.583 42.898 44.214 45.53 46.846 48.161 49.477 50.793 52.108 53.424 54.74 56.055 57.371 58.687 60.002 61.318 62.634 63.949 65.265 66.581 67.897 69.212 70.528 71.844 73.159 74.475 75.791 77.106 78.422
13.953 15.269 16.585 17.9 19.216 20.532 21.847 23.163 24.479 25.795 27.11 28.426 29.742 31.057 32.373 33.689 35.004 36.32 37.636 38.951 40.267 41.583 42.898 44.214 45.53 46.846 48.161 49.477 50.793 52.108 53.424 54.74 56.055 57.371 58.687 60.002 61.318 62.634 63.949 65.265 66.581 67.897 69.212 70.528 71.844 73.159 74.475 75.791 77.106 78.422
13.953 15.269 16.585 17.9 19.216 20.532 21.847 23.163 24.479 25.795 27.11 28.426 29.742 31.057 32.373 33.689 35.004 36.32 37.636 38.951 40.267 41.583 42.898 44.214 45.53 46.846 48.161 49.477 50.793 52.108 53.424 54.74 56.055 57.371 58.687 60.002 61.318 62.634 63.949 65.265 66.581 67.897 69.212 70.528 71.844 73.159 74.475 75.791 77.106 78.422
13.953 15.269 16.585 17.9 19.216 20.532 21.847 23.163 24.479 25.795 27.11 28.426 29.742 31.057 32.373 33.689 35.004 36.32 37.636 38.951 40.267 41.583 42.898 44.214 45.53 46.846 48.161 49.477 50.793 52.108 53.424 54.74 56.055 57.371 58.687 60.002 61.318 62.634 63.949 65.265 66.581 67.897 69.212 70.528 71.844 73.159 74.475 75.791 77.106 78.422
13.953 15.269 16.585 17.9 19.216 20.532 21.847 23.163 24.479 25.795 27.11 28.426 29.742 31.057 32.373 33.689 35.004 36.32 37.636 38.951 40.267 41.583 42.898 44.214 45.53 46.846 48.161 49.477 50.793 52.108 53.424 54.74 56.055 57.371 58.687 60.002 61.318 62.634 63.949 65.265 66.581 67.897 69.212 70.528 71.844 73.159 74.475 75.791 77.106 78.422
13.953 15.269 16.585 17.9 19.216 20.532 21.847 23.163 24.479 25.795 27.11 28.426 29.742 31.057 32.373 33.689 35.004 36.32 37.636 38.951 40.267 41.583 42.898 44.214 45.53 46.846 48.161 49.477 50.793 52.108 53.424 54.74 56.055 57.371 58.687 60.002 61.318 62.634 63.949 65.265 66.581 67.897 69.212 70.528 71.844 73.159 74.475 75.791 77.106 78.422
13.953 15.269 16.585 17.9 19.216 20.532 21.847 23.163 24.479 25.795 27.11 28.426 29.742 31.057 32.373 33.689 35.004 36.32 37.636 38.951 40.267 41.583 42.898 44.214 45.53 46.846 48.161 49.477 50.793 52.108 53.424 54.74 56.055 57.371 58.687 60.002 61.318 62.634 63.949 65.265 66.581 67.897 69.212 70.528 71.844 73.159 74.475 75.791 77.106 78.422
13.953 15.269 16.585 17.9 19.216 20.532 21.847 23.163 24.479 25.795 27.11 28.426 29.742 31.057 32.373 33.689 35.004 36.32 37.636 38.951 40.267 41.583 42.898 44.214 45.53 46.846 48.161 49.477 50.793 52.108 53.424 54.74 56.055 57.371 58.687 60.002 61.318 62.634 63.949 65.265 66.581 67.897 69.212 70.528 71.844 73.159 74.475 75.791 77.106 78.422
13.953 15.269 16.585 17.9 19.216 20.532 21.847 23.163 24.479 25.795 27.11 28.426 29.742 31.057 32.373 33.689 35.004 36.32 37.636 38.951 40.267 41.583 42.898 44.214 45.53 46.846 48.161 49.477 50.793 52.108 53.424 54.74 56.055 57.371 58.687 60.002 61.318 62.634 63.949 65.265 66.581 67.897 69.212 70.528 71.844 73.159 74.475 75.791 77.106 78.422
13.953 15.269 16.585 17.9 19.216 20.532 21.847 23.163 24.479 25.795 27.11 28.426 29.742 31.057 32.373 33.689 35.004 36.32 37.636 38.951 40.267 41.583 42.898 44.214 45.53 46.846 48.161 49.477 50.793 52.108 53.424 54.74 56.055 57.371 58.687 60.002 61.318 62.634 63.949 65.265 66.581 67.897 69.212 70.528 71.844 73.159 74.475 75.791 77.106 78.422
13.953 15.269 16.585 17.9 19.216 20.532 21.847 23.163 24.479 25.795 27.11 28.426 29.742 31.057 32.373 33.689 35.004 36.32 37.636 38.951 40.267 41.583 42.898 44.214 45.53 46.846 48.161 49.477 50.793 52.108 53.424 54.74 56.055 57.371 58.687 60.002 61.318 62.634 63.949 65.265 66.581 67.897 69.212 70.528 71.844 73.159 74.475 75.791 77.106 78.422
13.953 15.269 16.585 17.9 19.216 20.532 21.847 23.163 24.479 25.795 27.11 28.426 29.742 31.057 32.373 33.689 35.004 36.32 37.636 38.951 40.267 41.583 42.898 44.214 45.53 46.846 48.161 49.477 50.793 52.108 53.424 54.74 56.055 57.371 58.687 60.002 61.318 62.634 63.949 65.265 66.581 67.897 69.212 70.528 71.844 73.159 74.475 75.791 77.106 78.422
13.953 15.269 16.585 17.9 19.216 20.532 21.847 23.163 24.479 25.795 27.11 28.426 29.742 31.057 32.373 33.689 35.004 36.32 37.636 38.951 40.267 41.583 42.898 44.214 45.53 46.846 48.161 49.477 50.793 52.108 53.424 54.74 56.055 57.371 58.687 60.002 61.318 62.634 63.949 65.265 66.581 67.897 69.212 70.528 71.844 73.159 74.475 75.791 77.106 78.422
13.953 15.269 16.585 17.9 19.216 20.532 21.847 23.163 24.479 25.795 27.11 28.426 29.742 31.057 32.373 33.689 35.004 36.32 37.636 38.951 40.267 41.583 42.898 44.214 45.53 46.846 48.161 49.477 50.793 52.108 53.424 54.74 56.055 57.371 58.687 60.002 61.318 62.634 63.949 65.265 66.581 67.897 69.212 70.528 71.844 73.159 74.475 75.791 77.106 78.422
13.953 15.269 16.585 17.9 19.216 20.532 21.847 23.163 24.479 25.795 27.11 28.426 29.742 31.057 32.373 33.689 35.004 36.32 37.636 38.951 40.267 41.583 42.898 44.214 45.53 46.846 48.161 49.477 50.793 52.108 53.424 54.74 56.055 57.371 58.687 60.002 61.318 62.634 63.949 65.265 66.581 67.897 69.212 70.528 71.844 73.159 74.475 75.791 77.106 78.422
13.953 15.269 16.585 17.9 19.216 20.532 21.847 23.163 24.479 25.795 27.11 28.426 29.742 31.057 32.373 33.689 35.004 36.32 37.636 38.951 40.267 41.583 42.898 44.214 45.53 46.846 48.161 49.477 50.793 52.108 53.424 54.74 56.055 57.371 58.687 60.002 61.318 62.634 63.949 65.265 66.581 67.897 69.212 70.528 71.844 73.159 74.475 75.791 77.106 78.422
13.953 15.269 16.585 17.9 19.216 20.532 21.847 23.163 24.479 25.795 27.11 28.426 29.742 31.057 32.373 33.689 35.004 36.32 37.636 38.951 40.267 41.583 42.898 44.214 45.53 46.846 48.161 49.477 50.793 52.108 53.424 54.74 56.055 57.371 58.687 60.002 61.318 62.634 63.949 65.265 66.581 67.897 69.212 70.528 71.844 73.159 74.475 75.791 77.106 78.422
13.953 15.269 16.585 17.9 19.216 20.532 21.847 23.163 24.479 25.795 27.11 28.426 29.742 31.057 32.373 33.689 35.004 36.32 37.636 38.951 40.267 41.583 42.898 44.214 45.53 46.846 48.161 49.477 50.793 52.108 53.424 54.74 56.055 57.371 58.687 60.002 61.318 62.634 63.949 65.265 66.581 67.897 69.212 70.528 71.844 73.159 74.475 75.791 77.106 78.422
104.87 104.87 104.87 104.87 104.87 104.87 104.87 104.87 104.87 104.87 104.87 104.87 104.87 104.87 104.87 104.87 104.87 104.87 104.87 104.87 104.87 104.87 104.87 104.87 104.87 104.87 104.87 104.87 104.87 104.87 104.87 104.87 104.87 104.87 104.87 104.87 104.87 104.87 104.87 104.87 104.87 104.87 104.87 104.87 104.87 104.87 104.87 104.87 104.87 104.87
107.08 107.08 107.08 107.08 107.08 107.08 107.08 107.08 107.08 107.08 107.08 107.08 107.08 107.08 107.08 107.08 107.08 107.08 107.08 107.08 107.08 107.08 107.08 107.08 107.08 107.08 107.08 107.08 107.08 107.08 107.08 107.08 107.08 107.08 107.08 107.08 107.08 107.08 107.08 107.08 107.08 107.08 107.08 107.08 107.08 107.08 107.08 107.08 107.08 107.08
109.3 109.3 109.3 109.3 109.3 109.3 109.3 109.3 109.3 109.3 109.3 109.3 109.3 109.3 109.3 109.3 109.3 109.3 109.3 109.3 109.3 109.3 109.3 109.3 109.3 109.3 109.3 109.3 109.3 109.3 109.3 109.3 109.3 109.3 109.3 109.3 109.3 109.3 109.3 109.3 109.3 109.3 109.3 109.3 109.3 109.3 109.3 109.3 109.3 109.3
111.51 111.51 111.51 111.51 111.51 111.51 111.51 111.51 111.51 111.51 111.51 111.51 111.51 111.51 111.51 111.51 111.51 111.51 111.51 111.51 111.51 111.51 111.51 111.51 111.51 111.51 111.51 111.51 111.51 111.51 111.51 111.51 111.51 111.51 111.51 111.51 111.51 111.51 111.51 111.51 111.51 111.51 111.51 111.51 111.51 111.51 111.51 111.51 111.51 111.51
113.73 113.73 113.73 113.73 113.73 113.73 113.73 113.73 113.73 113.73 113.73 113.73 113.73 113.73 113.73 113.73 113.73 113.73 113.73 113.73 113.73 113.73 113.73 113.73 113.73 113.73 113.73 113.73 113.73 113.73 113.73 113.73 113.73 113.73 113.73 113.73 113.73 113.73 113.73 113.73 113.73 113.73 113.73 113.73 113.73 113.73 113.73 113.73 113.73 113.73
115.94 115.94 115.94 115.94 115.94 115.94 115.94 115.94 115.94 115.94 115.94 115.94 115.94 115.94 115.94 115.94 115.94 115.94 115.94 115.94 115.94 115.94 115.94 115.94 115.94 115.94 115.94 115.94 115.94 115.94 115.94 115.94 115.94 115.94 115.94 115.94 115.94 115.94 115.94 115.94 115.94 115.94 115.94 115.94 115.94 115.94 115.94 115.94 115.94 115.94
118.16 118.16 118.16 118.16 118.16 118.16 118.16 118.16 118.16 118.16 118.16 118.16 118.16 118.16 118.16 118.16 118.16 118.16 118.16 118.16 118.16 118.16 118.16 118.16 118.16 118.16 118.16 118.16 118.16 118.16 118.16 118.16 118.16 118.16 118.16 118.16 118.16 118.16 118.16 118.16 118.16 118.16 118.16 118.16 118.16 118.16 118.16 118.16 118.16 118.16
120.37 120.37 120.37 120.37 120.37 120.37 120.37 120.37 120.37 120.37 120.37 120.37 120.37 120.37 120.37 120.37 120.37 120.37 120.37 120.37 120.37 120.37 120.37 120.37 120.37 120.37 120.37 120.37 120.37 120.37 120.37 120.37 120.37 120.37 120.37 120.37 120.37 120.37 120.37 120.37 120.37 120.37 120.37 120.37 120.37 120.37 120.37 120.37 120.37 120.37
122.59 122.59 122.59 122.59 122.59 122.59 122.59 122.59 122.59 122.59 122.59 122.59 122.59 122.59 122.59 122.59 122.59 122.59 122.59 122.59 122.59 122.59 122.59 122.59 122.59 122.59 122.59 122.59 122.59 122.59 122.59 122.59 122.59 122.59 122.59 122.59 122.59 122.59 122.59 122.59 122.59 122.59 122.59 122.59 122.59 122.59 122.59 122.59 122.59 122.59
124.8 124.8 124.8 124.8 124.8 124.8 124.8 124.8 124.8 124.8 124.8 124.8 124.8 124.8 124.8 124.8 124.8 124.8 124.8 124.8 124.8 124.8 124.8 124.8 124.8 124.8 124.8 124.8 124.8 124.8 124.8 124.8 124.8 124.8 124.8 124.8 124.8 124.8 124.8 124.8 124.8 124.8 124.8 124.8 124.8 124.8 124.8 124.8 124.8 124.8
127.02 127.02 127.02 127.02 127.02 127.02 127.02 127.02 127.02 127.02 127.02 127.02 127.02 127.02 127.02 127.02 127.02 127.02 127.02 127.02 127.02 127.02 127.02 127.02 127.02 127.02 127.02 127.02 127.02 127.02 127.02 127.02 127.02 127.02 127.02 127.02 127.02 127.02 127.02 127.02 127.02 127.02 127.02 127.02 127.02 127.02 127.02 127.02 127.02 127.02
129.23 129.23 129.23 129.23 129.23 129.23 129.23 129.23 129.23 129.23 129.23 129.23 129.23 129.23 129.23 129.23 129.23 129.23 129.23 129.23 129.23 129.23 129.23 129.23 129.23 129.23 129.23 129.23 129.23 129.23 129.23 129.23 129.23 129.23 129.23 129.23 129.23 129.23 129.23 129.23 129.23 129.23 129.23 129.23 129.23 129.23 129.23 129.23 129.23 129.23
131.44 131.44 131.44 131.44 131.44 131.44 131.44 131.44 131.44 131.44 131.44 131.44 131.44 131.44 131.44 131.44 131.44 131.44 131.44 131.44 131.44 131.44 131.44 131.44 131.44 131.44 131.44 131.44 131.44 131.44 131.44 131.44 131.44 131.44 131.44 131.44 131.44 131.44 131.44 131.44 131.44 131.44 131.44 131.44 131.44 131.44 131.44 131.44 131.44 131.44
133.66 133.66 133.66 133.66 133.66 133.66 133.66 133.66 133.66 133.66 133.66 133.66 133.66 133.66 133.66 133.66 133.66 133.66 133.66 133.66 133.66 133.66 133.66 133.66 133.66 133.66 133.66 133.66 133.66 133.66 133.66 133.66 133.66 133.66 133.66 133.66 133.66 133.66 133.66 133.66 133.66 133.66 133.66 133.66 133.66 133.66 133.66 133.66 133.66 133.66
135.87 135.87 135.87 135.87 135.87 135.87 135.87 135.87 135.87 135.87 135.87 135.87 135.87 135.87 135.87 135.87 135.87 135.87 135.87 135.87 135.87 135.87 135.87 135.87 135.87 135.87 135.87 135.87 135.87 135.87 135.87 135.87 135.87 135.87 135.87 135.87 135.87 135.87 135.87 135.87 135.87 135.87 135.87 135.87 135.87 135.87 135.87 135.87 135.87 135.87
138.09 138.09 138.09 138.09 138.09 138.09 138.09 138.09 138.09 138.09 138.09 138.09 138.09 138.09 138.09 138.09 138.09 138.09 138.09 138.09 138.09 138.09 138.09 138.09 138.09 138.09 138.09 138.09 138.09 138.09 138.09 138.09 138.09 138.09 138.09 138.09 138.09 138.09 138.09 138.09 138.09 138.09 138.09 138.09 138.09 138.09 138.09 138.09 138.09 138.09
140.3 140.3 140.3 140.3 140.3 140.3 140.3 140.3 140.3 140.3 140.3 140.3 140.3 140.3 140.3 140.3 140.3 140.3 140.3 140.3 140.3 140.3 140.3 140.3 140.3 140.3 140.3 140.3 140.3 140.3 140.3 140.3 140.3 140.3 140.3 140.3 140.3 140.3 140.3 140.3 140.3 140.3 140.3 140.3 140.3 140.3 140.3 140.3 140.3 140.3
142.52 142.52 142.52 142.52 142.52 142.52 142.52 142.52 142.52 142.52 142.52 142.52 142.52 142.52 142.52 142.52 142.52 142.52 142.52 142.52 142.52 142.52 142.52 142.52 142.52 142.52 142.52 142.52 142.52 142.52 142.52 142.52 142.52 142.52 142.52 142.52 142.52 142.52 142.52 142.52 142.52 142.52 142.52 142.52 142.52 142.52 142.52 142.52 142.52 142.52
144.73 144.73 144.73 144.73 144.73 144.73 144.73 144.73 144.73 144.73 144.73 144.73 144.73 144.73 144.73 144.73 144.73 144.73 144.73 144.73 144.73 144.73 144.73 144.73 144.73 144.73 144.73 144.73 144.73 144.73 144.73 144.73 144.73 144.73 144.73 144.73 144.73 144.73 144.73 144.73 144.73 144.73 144.73 144.73 144.73 144.73 144.73 144.73 144.73 144.73
146.95 146.95 146.95 146.95 146.95 146.95 146.95 146.95 146.95 146.95 146.95 146.95 146.95 146.95 146.95 146.95 146.95 146.95 146.95 146.95 146.95 146.95 146.95 146.95 146.95 146.95 146.95 146.95 146.95 146.95 146.95 146.95 146.95 146.95 146.95 146.95 146.95 146.95 146.95 146.95 146.95 146.95 146.95 146.95 146.95 146.95 146.95 146.95 146.95 146.95
33.002 31.944 30.83 29.639 28.271 26.671 24.771 22.553 20.031 17.236 14.203 10.98 7.6281 4.236 0.91849 -2.1885 -4.954 -7.3065 -9.304 -11.14 -12.988 -14.853 -16.725 -18.77 -21.016 -23.255 -25.177 -26.534 -27.209 -27.228 -26.72 -25.887 -24.954 -24.121 -23.527 -23.247 -23.298 -23.664 -24.31 -25.195 -26.276 -27.514 -28.874 -30.327 -31.847 -33.414 -35.012 -36.627 -38.251 -39.878
38.073 36.957 35.838 34.67 33.381 31.895 30.2 28.238 26.025 23.574 20.905 18.045 15.034 11.923 8.7726 5.6571 2.6743 -0.039503 -2.322 -4.1325 -5.8192 -7.924 -10.678 -13.803 -16.706 -18.932 -20.296 -20.834 -20.721 -20.187 -19.457 -18.725 -18.136 -17.779 -17.692 -17.879 -18.327 -19.014 -19.913 -20.993 -22.226 -23.582 -25.036 -26.565 -28.149 -29.772 -31.421 -33.084 -34.754 -36.427
43.309 42.125 40.946 39.778 38.531 37.107 35.594 33.908 32.011 29.904 27.589 25.086 22.413 19.588 16.632 13.563 10.432 7.3635 4.639 2.708 1.3334 -0.81761 -4.7695 -9.075 -12.495 -14.551 -15.279 -14.997 -14.125 -13.075 -12.171 -11.588 -11.377 -11.504 -11.911 -12.547 -13.375 -14.372 -15.516 -16.788 -18.171 -19.645 -21.193 -22.799 -24.447 -26.126 -27.826 -29.537 -31.254 -32.974
48.706 47.511 46.321 45.124 43.874 42.523 41.149 39.639 38.005 36.217 34.231 32.067 29.726 27.2 24.475 21.55 18.421 15.16 11.947 9.4072 8.1436 6.132 0.54988 -4.6829 -8.2164 -9.8268 -9.8566 -8.8284 -7.3148 -5.8594 -4.8803 -4.5615 -4.7875 -5.395 -6.2568 -7.2948 -8.4656 -9.7453 -11.119 -12.576 -14.105 -15.696 -17.337 -19.02 -20.734 -22.47 -24.221 -25.981 -27.746 -29.512
54.256 53.078 51.9 50.71 49.492 48.241 46.957 45.604 44.161 42.597 40.878 38.994 36.943 34.7 32.221 29.529 26.556 23.405 20.206 17.086 13.976 10.12 5.0358 0.034751 -3.1872 -4.1941 -3.6547 -2.1439 -0.27706 1.3514 2.2675 2.1853 1.4963 0.4567 -0.78618 -2.157 -3.6164 -5.1426 -6.7233 -8.351 -10.02 -11.724 -13.46 -15.22 -17 -18.794 -20.598 -22.408 -24.221 -26.035
59.944 58.802 57.658 56.507 55.349 54.18 52.987 51.754 50.456 49.062 47.543 45.877 44.044 42.018 39.776 37.318 34.608 31.67 28.56 24.874 20.594 15.484 10.956 6.8663 3.8412 3.0924 3.751 5.2125 6.8778 8.2133 8.826 8.4363 7.3756 6.0081 4.4789 2.8517 1.1627 -0.56789 -2.3275 -4.109 -5.9081 -7.7221 -9.549 -11.387 -13.234 -15.088 -16.946 -18.808 -20.671 -22.535
65.759 64.668 63.577 62.485 61.394 60.3 59.192 58.055 56.867 55.602 54.23 52.724 51.056 49.201 47.14 44.855 42.325 39.521 36.359 32.589 28.39 23.841 19.575 16.195 13.545 12.543 12.655 13.342 14.175 14.756 14.778 14.102 12.86 11.289 9.5522 7.7344 5.8712 3.9791 2.0708 0.15509 -1.7624 -3.6793 -5.5953 -7.5105 -9.4255 -11.34 -13.255 -15.171 -17.086 -19.001
71.69 70.661 69.634 68.609 67.587 66.565 65.532 64.475 63.373 62.204 60.938 59.547 58.001 56.275 54.344 52.181 49.751 46.998 43.845 40.266 36.42 32.573 29.121 26.454 24.167 22.82 22.195 21.816 21.598 21.257 20.589 19.514 18.066 16.347 14.468 12.51 10.517 8.5041 6.4771 4.4482 2.4256 0.4132 -1.5882 -3.5796 -5.5631 -7.5407 -9.5141 -11.485 -13.454 -15.423
77.728 76.768 75.809 74.853 73.899 72.942 71.976 70.985 69.952 68.854 67.665 66.357 64.9 63.265 61.424 59.343 56.984 54.307 51.301 48.036 44.674 41.45 38.582 36.178 34.161 32.593 31.396 30.168 29.041 27.825 26.454 24.903 23.181 21.295 19.291 17.223 15.127 13.016 10.9 8.7804 6.6658 4.5657 2.4828 0.41649 -1.6358 -3.6772 -5.711 -7.74 -9.7665 -11.792
83.865 82.972 82.081 81.191 80.301 79.406 78.498 77.563 76.585 75.542 74.41 73.161 71.767 70.199 68.424 66.414 64.141 61.601 58.829 55.921 53.013 50.251 47.733 45.484 43.484 41.66 39.918 38.137 36.321 34.44 32.462 30.423 28.388 26.277 24.121 21.944 19.754 17.558 15.362 13.166 10.972 8.7901 6.6288 4.4887 2.3675 0.26088 -1.8353 -3.9252 -6.0119 -8.0975
90.086 89.258 88.431 87.603 86.772 85.933 85.076 84.19 83.258 82.259 81.171 79.967 78.622 77.106 75.393 73.464 71.31 68.952 66.443 63.866 61.314 58.861 56.541 54.345 52.238 50.146 48.002 45.779 43.468 41.089 38.663 36.232 33.829 31.425 29.077 26.766 24.459 22.174 19.902 17.632 15.363 13.102 10.863 8.6487 6.4575 4.2843 2.1233 -0.030463 -2.181 -4.3306
96.381 95.612 94.843 94.071 93.294 92.505 91.695 90.852 89.959 88.998 87.947 86.783 85.481 84.018 82.376 80.546 78.536 76.374 74.111 71.805 69.506 67.242 65.012 62.792 60.54 58.205 55.756 53.189 50.518 47.775 45.006 42.251 39.537 36.879 34.296 31.78 29.305 26.919 24.556 22.205 19.861 17.524 15.201 12.909 10.646 8.4032 6.1746 3.9531 1.7344 -0.48371
102.74 102.02 101.3 100.58 99.852 99.109 98.341 97.537 96.681 95.756 94.741 93.617 92.362 90.961 89.403 87.687 85.828 83.854 81.798 79.693 77.558 75.394 73.183 70.896 68.497 65.958 63.269 60.44 57.498 54.484 51.445 48.424 45.453 42.558 39.749 37.027 34.387 31.843 29.352 26.903 24.48 22.069 19.667 17.286 14.943 12.627 10.327 8.0328 5.7412 3.4501
109.14 108.47 107.8 107.12 106.44 105.73 105 104.24 103.42 102.53 101.55 100.48 99.278 97.95 96.486 94.892 93.179 91.365 89.47 87.504 85.466 83.341 81.107 78.734 76.2 73.491 70.612 67.58 64.429 61.203 57.948 54.707 51.517 48.405 45.387 42.47 39.658 36.944 34.31 31.74 29.225 26.736 24.261 21.799 19.364 16.966 14.586 12.214 9.845 7.4769
115.58 114.95 114.32 113.68 113.03 112.37 111.68 110.95 110.17 109.32 108.39 107.37 106.23 104.99 103.63 102.15 100.57 98.889 97.112 95.235 93.245 91.121 88.84 86.379 83.724 80.873 77.838 74.644 71.326 67.927 64.492 61.064 57.681 54.373 51.161 48.058 45.068 42.187 39.406 36.711 34.088 31.515 28.971 26.441 23.92 21.423 18.954 16.499 14.05 11.603
122.04 121.45 120.85 120.25 119.64 119.01 118.36 117.67 116.92 116.12 115.25 114.28 113.23 112.07 110.82 109.45 107.98 106.41 104.72 102.89 100.92 98.775 96.437 93.89 91.127 88.155 84.989 81.659 78.199 74.651 71.06 67.467 63.911 60.424 57.031 53.747 50.583 47.537 44.606 41.78 39.044 36.382 33.77 31.184 28.594 25.997 23.429 20.887 18.358 15.832
128.52 127.96 127.4 126.83 126.26 125.66 125.04 124.39 123.69 122.94 122.12 121.23 120.26 119.2 118.04 116.78 115.41 113.92 112.29 110.49 108.52 106.34 103.94 101.31 98.455 95.374 92.094 88.642 85.056 81.375 77.642 73.897 70.181 66.526 62.96 59.503 56.168 52.959 49.878 46.917 44.065 41.307 38.621 35.981 33.338 30.664 27.999 25.376 22.769 20.169
135.01 134.48 133.95 133.42 132.87 132.31 131.72 131.11 130.46 129.76 129.01 128.2 127.31 126.35 125.29 124.13 122.84 121.42 119.83 118.05 116.07 113.85 111.4 108.69 105.74 102.56 99.173 95.609 91.904 88.097 84.23 80.342 76.473 72.657 68.924 65.298 61.796 58.428 55.196 52.099 49.126 46.264 43.492 40.779 38.088 35.374 32.662 29.962 27.277 24.612
141.51 141.01 140.51 140 139.49 138.96 138.41 137.84 137.23 136.59 135.91 135.17 134.38 133.51 132.55 131.48 130.27 128.91 127.36 125.59 123.59 121.34 118.82 116.04 113 109.73 106.24 102.57 98.748 94.819 90.82 86.793 82.774 78.801 74.905 71.113 67.447 63.919 60.538 57.303 54.207 51.236 48.367 45.575 42.826 40.092 37.359 34.62 31.88 29.151
148.01 147.54 147.06 146.59 146.1 145.6 145.09 144.56 144.01 143.43 142.81 142.16 141.45 140.67 139.81 138.83 137.7 136.4 134.88 133.13 131.11 128.82 126.24 123.38 120.26 116.89 113.3 109.52 105.59 101.54 97.412 93.245 89.078 84.949 80.891 76.935 73.105 69.419 65.889 62.516 59.294 56.211 53.244 50.371 47.565 44.801 42.053 39.304 36.539 33.758
