17.534 18.744 19.953 21.162 22.371 23.581 24.79 25.999 27.208 28.418 29.627 30.836 32.045 33.255 34.464 35.673 36.882 38.092 39.301 40.51 41.719 42.929 44.138 45.347 46.556 47.766 48.975 50.184 51.393 52.603 53.812 55.021 56.23 57.44 58.649 59.858 61.067 62.277 63.486 64.695 65.904 67.114 68.323 69.532 70.741 71.951 73.16 74.369 75.578 76.788
17.534 18.744 19.953 21.162 22.371 23.581 24.79 25.999 27.208 28.418 29.627 30.836 32.045 33.255 34.464 35.673 36.882 38.092 39.301 40.51 41.719 42.929 44.138 45.347 46.556 47.766 48.975 50.184 51.393 52.603 53.812 55.021 56.23 57.44 58.649 59.858 61.067 62.277 63.486 64.695 65.904 67.114 68.323 69.532 70.741 71.951 73.16 74.369 75.578 76.788
17.534 18.744 19.953 21.162 22.371 23.581 24.79 25.999 27.208 28.418 29.627 30.836 32.045 33.255 34.464 35.673 36.882 38.092 39.301 40.51 41.719 42.929 44.138 45.347 46.556 47.766 48.975 50.184 51.393 52.603 53.812 55.021 56.23 57.44 58.649 59.858 61.067 62.277 63.486 64.695 65.904 67.114 68.323 69.532 70.741 71.951 73.16 74.369 75.578 76.788
17.534 18.744 19.953 21.162 22.371 23.581 24.79 25.999 27.208 28.418 29.627 30.836 32.045 33.255 34.464 35.673 36.882 38.092 39.301 40.51 41.719 42.929 44.138 45.347 46.556 47.766 48.975 50.184 51.393 52.603 53.812 55.021 56.23 57.44 58.649 59.858 61.067 62.277 63.486 64.695 65.904 67.114 68.323 69.532 70.741 71.951 73.16 74.369 75.578 76.788
17.534 18.744 19.953 21.162 22.371 23.581 24.79 25.999 27.208 28.418 29.627 30.836 32.045 33.255 34.464 35.673 36.882 38.092 39.301 40.51 41.719 42.929 44.138 45.347 46.556 47.766 48.975 50.184 51.393 52.603 53.812 55.021 56.23 57.44 58.649 59.858 61.067 62.277 63.486 64.695 65.904 67.114 68.323 69.532 70.741 71.951 73.16 74.369 75.578 76.788
17.534 18.744 19.953 21.162 22.371 23.581 24.79 25.999 27.208 28.418 29.627 30.836 32.045 33.255 34.464 35.673 36.882 38.092 39.301 40.51 41.719 42.929 44.138 45.347 46.556 47.766 48.975 50.184 51.393 52.603 53.812 55.021 56.23 57.44 58.649 59.858 61.067 62.277 63.486 64.695 65.904 67.114 68.323 69.532 70.741 71.951 73.16 74.369 75.578 76.788
17.534 18.744 19.953 21.162 22.371 23.581 24.79 25.999 27.208 28.418 29.627 30.836 32.045 33.255 34.464 35.673 36.882 38.092 39.301 40.51 41.719 42.929 44.138 45.347 46.556 47.766 48.975 50.184 51.393 52.603 53.812 55.021 56.23 57.44 58.649 59.858 61.067 62.277 63.486 64.695 65.904 67.114 68.323 69.532 70.741 71.951 73.16 74.369 75.578 76.788
17.534 18.744 19.953 21.162 22.371 23.581 24.79 25.999 27.208 28.418 29.627 30.836 32.045 33.255 34.464 35.673 36.882 38.092 39.301 40.51 41.719 42.929 44.138 45.347 46.556 47.766 48.975 50.184 51.393 52.603 53.812 55.021 56.23 57.44 58.649 59.858 61.067 62.277 63.486 64.695 65.904 67.114 68.323 69.532 70.741 71.951 73.16 74.369 75.578 76.788
17.534 18.744 19.953 21.162 22.371 23.581 24.79 25.999 27.208 28.418 29.627 30.836 32.045 33.255 34.464 35.673 36.882 38.092 39.301 40.51 41.719 42.929 44.138 45.347 46.556 47.766 48.975 50.184 51.393 52.603 53.812 55.021 56.23 57.44 58.649 59.858 61.067 62.277 63.486 64.695 65.904 67.114 68.323 69.532 70.741 71.951 73.16 74.369 75.578 76.788
17.534 18.744 19.953 21.162 22.371 23.581 24.79 25.999 27.208 28.418 29.627 30.836 32.045 33.255 34.464 35.673 36.882 38.092 39.301 40.51 41.719 42.929 44.138 45.347 46.556 47.766 48.975 50.184 51.393 52.603 53.812 55.021 56.23 57.44 58.649 59.858 61.067 62.277 63.486 64.695 65.904 67.114 68.323 69.532 70.741 71.951 73.16 74.369 75.578 76.788
17.534 18.744 19.953 21.162 22.371 23.581 24.79 25.999 27.208 28.418 29.627 30.836 32.045 33.255 34.464 35.673 36.882 38.092 39.301 40.51 41.719 42.929 44.138 45.347 46.556 47.766 48.975 50.184 51.393 52.603 53.812 55.021 56.23 57.44 58.649 59.858 61.067 62.277 63.486 64.695 65.904 67.114 68.323 69.532 70.741 71.951 73.16 74.369 75.578 76.788
17.534 18.744 19.953 21.162 22.371 23.581 24.79 25.999 27.208 28.418 29.627 30.836 32.045 33.255 34.464 35.673 36.882 38.092 39.301 40.51 41.719 42.929 44.138 45.347 46.556 47.766 48.975 50.184 51.393 52.603 53.812 55.021 56.23 57.44 58.649 59.858 61.067 62.277 63.486 64.695 65.904 67.114 68.323 69.532 70.741 71.951 73.16 74.369 75.578 76.788
17.534 18.744 19.953 21.162 22.371 23.581 24.79 25.999 27.208 28.418 29.627 30.836 32.045 33.255 34.464 35.673 36.882 38.092 39.301 40.51 41.719 42.929 44.138 45.347 46.556 47.766 48.975 50.184 51.393 52.603 53.812 55.021 56.23 57.44 58.649 59.858 61.067 62.277 63.486 64.695 65.904 67.114 68.323 69.532 70.741 71.951 73.16 74.369 75.578 76.788
17.534 18.744 19.953 21.162 22.371 23.581 24.79 25.999 27.208 28.418 29.627 30.836 32.045 33.255 34.464 35.673 36.882 38.092 39.301 40.51 41.719 42.929 44.138 45.347 46.556 47.766 48.975 50.184 51.393 52.603 53.812 55.021 56.23 57.44 58.649 59.858 61.067 62.277 63.486 64.695 65.904 67.114 68.323 69.532 70.741 71.951 73.16 74.369 75.578 76.788
17.534 18.744 19.953 21.162 22.371 23.581 24.79 25.999 27.208 28.418 29.627 30.836 32.045 33.255 34.464 35.673 36.882 38.092 39.301 40.51 41.719 42.929 44.138 45.347 46.556 47.766 48.975 50.184 51.393 52.603 53.812 55.021 56.23 57.44 58.649 59.858 61.067 62.277 63.486 64.695 65.904 67.114 68.323 69.532 70.741 71.951 73.16 74.369 75.578 76.788
17.534 18.744 19.953 21.162 22.371 23.581 24.79 25.999 27.208 28.418 29.627 30.836 32.045 33.255 34.464 35.673 36.882 38.092 39.301 40.51 41.719 42.929 44.138 45.347 46.556 47.766 48.975 50.184 51.393 52.603 53.812 55.021 56.23 57.44 58.649 59.858 61.067 62.277 63.486 64.695 65.904 67.114 68.323 69.532 70.741 71.951 73.16 74.369 75.578 76.788
17.534 18.744 19.953 21.162 22.371 23.581 24.79 25.999 27.208 28.418 29.627 30.836 32.045 33.255 34.464 35.673 36.882 38.092 39.301 40.51 41.719 42.929 44.138 45.347 46.556 47.766 48.975 50.184 51.393 52.603 53.812 55.021 56.23 57.44 58.649 59.858 61.067 62.277 63.486 64.695 65.904 67.114 68.323 69.532 70.741 71.951 73.16 74.369 75.578 76.788
17.534 18.744 19.953 21.162 22.371 23.581 24.79 25.999 27.208 28.418 29.627 30.836 32.045 33.255 34.464 35.673 36.882 38.092 39.301 40.51 41.719 42.929 44.138 45.347 46.556 47.766 48.975 50.184 51.393 52.603 53.812 55.021 56.23 57.44 58.649 59.858 61.067 62.277 63.486 64.695 65.904 67.114 68.323 69.532 70.741 71.951 73.16 74.369 75.578 76.788
17.534 18.744 19.953 21.162 22.371 23.581 24.79 25.999 27.208 28.418 29.627 30.836 32.045 33.255 34.464 35.673 36.882 38.092 39.301 40.51 41.719 42.929 44.138 45.347 46.556 47.766 48.975 50.184 51.393 52.603 53.812 55.021 56.23 57.44 58.649 59.858 61.067 62.277 63.486 64.695 65.904 67.114 68.323 69.532 70.741 71.951 73.16 74.369 75.578 76.788
17.534 18.744 19.953 21.162 22.371 23.581 24.79 25.999 27.208 28.418 29.627 30.836 32.045 33.255 34.464 35.673 36.882 38.092 39.301 40.51 41.719 42.929 44.138 45.347 46.556 47.766 48.975 50.184 51.393 52.603 53.812 55.021 56.23 57.44 58.649 59.858 61.067 62.277 63.486 64.695 65.904 67.114 68.323 69.532 70.741 71.951 73.16 74.369 75.578 76.788
100.53 100.53 100.53 100.53 100.53 100.53 100.53 100.53 100.53 100.53 100.53 100.53 100.53 100.53 100.53 100.53 100.53 100.53 100.53 100.53 100.53 100.53 100.53 100.53 100.53 100.53 100.53 100.53 100.53 100.53 100.53 100.53 100.53 100.53 100.53 100.53 100.53 100.53 100.53 100.53 100.53 100.53 100.53 100.53 100.53 100.53 100.53 100.53 100.53 100.53
101.29 101.29 101.29 101.29 101.29 101.29 101.29 101.29 101.29 101.29 101.29 101.29 101.29 101.29 101.29 101.29 101.29 101.29 101.29 101.29 101.29 101.29 101.29 101.29 101.29 101.29 101.29 101.29 101.29 101.29 101.29 101.29 101.29 101.29 101.29 101.29 101.29 101.29 101.29 101.29 101.29 101.29 101.29 101.29 101.29 101.29 101.29 101.29 101.29 101.29
102.04 102.04 102.04 102.04 102.04 102.04 102.04 102.04 102.04 102.04 102.04 102.04 102.04 102.04 102.04 102.04 102.04 102.04 102.04 102.04 102.04 102.04 102.04 102.04 102.04 102.04 102.04 102.04 102.04 102.04 102.04 102.04 102.04 102.04 102.04 102.04 102.04 102.04 102.04 102.04 102.04 102.04 102.04 102.04 102.04 102.04 102.04 102.04 102.04 102.04
102.8 102.8 102.8 102.8 102.8 102.8 102.8 102.8 102.8 102.8 102.8 102.8 102.8 102.8 102.8 102.8 102.8 102.8 102.8 102.8 102.8 102.8 102.8 102.8 102.8 102.8 102.8 102.8 102.8 102.8 102.8 102.8 102.8 102.8 102.8 102.8 102.8 102.8 102.8 102.8 102.8 102.8 102.8 102.8 102.8 102.8 102.8 102.8 102.8 102.8
103.55 103.55 103.55 103.55 103.55 103.55 103.55 103.55 103.55 103.55 103.55 103.55 103.55 103.55 103.55 103.55 103.55 103.55 103.55 103.55 103.55 103.55 103.55 103.55 103.55 103.55 103.55 103.55 103.55 103.55 103.55 103.55 103.55 103.55 103.55 103.55 103.55 103.55 103.55 103.55 103.55 103.55 103.55 103.55 103.55 103.55 103.55 103.55 103.55 103.55
104.31 104.31 104.31 104.31 104.31 104.31 104.31 104.31 104.31 104.31 104.31 104.31 104.31 104.31 104.31 104.31 104.31 104.31 104.31 104.31 104.31 104.31 104.31 104.31 104.31 104.31 104.31 104.31 104.31 104.31 104.31 104.31 104.31 104.31 104.31 104.31 104.31 104.31 104.31 104.31 104.31 104.31 104.31 104.31 104.31 104.31 104.31 104.31 104.31 104.31
105.06 105.06 105.06 105.06 105.06 105.06 105.06 105.06 105.06 105.06 105.06 105.06 105.06 105.06 105.06 105.06 105.06 105.06 105.06 105.06 105.06 105.06 105.06 105.06 105.06 105.06 105.06 105.06 105.06 105.06 105.06 105.06 105.06 105.06 105.06 105.06 105.06 105.06 105.06 105.06 105.06 105.06 105.06 105.06 105.06 105.06 105.06 105.06 105.06 105.06
105.82 105.82 105.82 105.82 105.82 105.82 105.82 105.82 105.82 105.82 105.82 105.82 105.82 105.82 105.82 105.82 105.82 105.82 105.82 105.82 105.82 105.82 105.82 105.82 105.82 105.82 105.82 105.82 105.82 105.82 105.82 105.82 105.82 105.82 105.82 105.82 105.82 105.82 105.82 105.82 105.82 105.82 105.82 105.82 105.82 105.82 105.82 105.82 105.82 105.82
106.57 106.57 106.57 106.57 106.57 106.57 106.57 106.57 106.57 106.57 106.57 106.57 106.57 106.57 106.57 106.57 106.57 106.57 106.57 106.57 106.57 106.57 106.57 106.57 106.57 106.57 106.57 106.57 106.57 106.57 106.57 106.57 106.57 106.57 106.57 106.57 106.57 106.57 106.57 106.57 106.57 106.57 106.57 106.57 106.57 106.57 106.57 106.57 106.57 106.57
107.33 107.33 107.33 107.33 107.33 107.33 107.33 107.33 107.33 107.33 107.33 107.33 107.33 107.33 107.33 107.33 107.33 107.33 107.33 107.33 107.33 107.33 107.33 107.33 107.33 107.33 107.33 107.33 107.33 107.33 107.33 107.33 107.33 107.33 107.33 107.33 107.33 107.33 107.33 107.33 107.33 107.33 107.33 107.33 107.33 107.33 107.33 107.33 107.33 107.33
108.08 108.08 108.08 108.08 108.08 108.08 108.08 108.08 108.08 108.08 108.08 108.08 108.08 108.08 108.08 108.08 108.08 108.08 108.08 108.08 108.08 108.08 108.08 108.08 108.08 108.08 108.08 108.08 108.08 108.08 108.08 108.08 108.08 108.08 108.08 108.08 108.08 108.08 108.08 108.08 108.08 108.08 108.08 108.08 108.08 108.08 108.08 108.08 108.08 108.08
108.84 108.84 108.84 108.84 108.84 108.84 108.84 108.84 108.84 108.84 108.84 108.84 108.84 108.84 108.84 108.84 108.84 108.84 108.84 108.84 108.84 108.84 108.84 108.84 108.84 108.84 108.84 108.84 108.84 108.84 108.84 108.84 108.84 108.84 108.84 108.84 108.84 108.84 108.84 108.84 108.84 108.84 108.84 108.84 108.84 108.84 108.84 108.84 108.84 108.84
109.59 109.59 109.59 109.59 109.59 109.59 109.59 109.59 109.59 109.59 109.59 109.59 109.59 109.59 109.59 109.59 109.59 109.59 109.59 109.59 109.59 109.59 109.59 109.59 109.59 109.59 109.59 109.59 109.59 109.59 109.59 109.59 109.59 109.59 109.59 109.59 109.59 109.59 109.59 109.59 109.59 109.59 109.59 109.59 109.59 109.59 109.59 109.59 109.59 109.59
110.35 110.35 110.35 110.35 110.35 110.35 110.35 110.35 110.35 110.35 110.35 110.35 110.35 110.35 110.35 110.35 110.35 110.35 110.35 110.35 110.35 110.35 110.35 110.35 110.35 110.35 110.35 110.35 110.35 110.35 110.35 110.35 110.35 110.35 110.35 110.35 110.35 110.35 110.35 110.35 110.35 110.35 110.35 110.35 110.35 110.35 110.35 110.35 110.35 110.35
111.1 111.1 111.1 111.1 111.1 111.1 111.1 111.1 111.1 111.1 111.1 111.1 111.1 111.1 111.1 111.1 111.1 111.1 111.1 111.1 111.1 111.1 111.1 111.1 111.1 111.1 111.1 111.1 111.1 111.1 111.1 111.1 111.1 111.1 111.1 111.1 111.1 111.1 111.1 111.1 111.1 111.1 111.1 111.1 111.1 111.1 111.1 111.1 111.1 111.1
111.86 111.86 111.86 111.86 111.86 111.86 111.86 111.86 111.86 111.86 111.86 111.86 111.86 111.86 111.86 111.86 111.86 111.86 111.86 111.86 111.86 111.86 111.86 111.86 111.86 111.86 111.86 111.86 111.86 111.86 111.86 111.86 111.86 111.86 111.86 111.86 111.86 111.86 111.86 111.86 111.86 111.86 111.86 111.86 111.86 111.86 111.86 111.86 111.86 111.86
112.61 112.61 112.61 112.61 112.61 112.61 112.61 112.61 112.61 112.61 112.61 112.61 112.61 112.61 112.61 112.61 112.61 112.61 112.61 112.61 112.61 112.61 112.61 112.61 112.61 112.61 112.61 112.61 112.61 112.61 112.61 112.61 112.61 112.61 112.61 112.61 112.61 112.61 112.61 112.61 112.61 112.61 112.61 112.61 112.61 112.61 112.61 112.61 112.61 112.61
113.37 113.37 113.37 113.37 113.37 113.37 113.37 113.37 113.37 113.37 113.37 113.37 113.37 113.37 113.37 113.37 113.37 113.37 113.37 113.37 113.37 113.37 113.37 113.37 113.37 113.37 113.37 113.37 113.37 113.37 113.37 113.37 113.37 113.37 113.37 113.37 113.37 113.37 113.37 113.37 113.37 113.37 113.37 113.37 113.37 113.37 113.37 113.37 113.37 113.37
114.12 114.12 114.12 114.12 114.12 114.12 114.12 114.12 114.12 114.12 114.12 114.12 114.12 114.12 114.12 114.12 114.12 114.12 114.12 114.12 114.12 114.12 114.12 114.12 114.12 114.12 114.12 114.12 114.12 114.12 114.12 114.12 114.12 114.12 114.12 114.12 114.12 114.12 114.12 114.12 114.12 114.12 114.12 114.12 114.12 114.12 114.12 114.12 114.12 114.12
114.88 114.88 114.88 114.88 114.88 114.88 114.88 114.88 114.88 114.88 114.88 114.88 114.88 114.88 114.88 114.88 114.88 114.88 114.88 114.88 114.88 114.88 114.88 114.88 114.88 114.88 114.88 114.88 114.88 114.88 114.88 114.88 114.88 114.88 114.88 114.88 114.88 114.88 114.88 114.88 114.88 114.88 114.88 114.88 114.88 114.88 114.88 114.88 114.88 114.88
-5.4073 -4.4716 -3.5376 -2.6087 -1.6893 -0.78434 0.10057 0.95992 1.7884 2.5811 3.3337 4.0427 4.7054 5.3197 5.8843 6.3982 6.8611 7.2725 7.6321 7.9384 8.1883 8.3743 8.4811 8.4803 8.3323 8.0079 7.5553 7.233 7.5005 8.031 8.6524 9.2615 9.7932 10.229 10.585 10.892 11.181 11.475 11.789 12.132 12.51 12.931 13.4 13.918 14.477 15.071 15.687 16.317 16.953 17.591
-3.0536 -2.1952 -1.3383 -0.48567 0.35908 1.1918 2.0082 2.8039 3.5749 4.3176 5.0288 5.7061 6.3475 6.9514 7.5167 8.0425 8.5278 8.9715 9.3722 9.7277 10.035 10.292 10.498 10.661 10.796 10.932 11.068 11.104 11.203 11.462 11.808 12.141 12.407 12.634 12.873 13.157 13.495 13.88 14.296 14.73 15.178 15.634 16.095 16.556 17.011 17.459 17.899 18.333 18.762 19.19
-0.69813 0.082611 0.86209 1.6381 2.4078 3.1681 3.9156 4.6475 5.3609 6.0534 6.7232 7.3687 7.9888 8.5825 9.1487 9.6865 10.195 10.671 11.114 11.521 11.891 12.223 12.527 12.832 13.186 13.643 14.16 14.459 14.643 14.82 14.924 14.975 14.984 15.026 15.163 15.428 15.818 16.291 16.804 17.329 17.847 18.341 18.795 19.198 19.547 19.847 20.109 20.346 20.568 20.786
1.6626 2.3645 3.0655 3.7639 4.4575 5.1444 5.8224 6.4897 7.145 7.7872 8.4155 9.0294 9.6285 10.212 10.78 11.33 11.862 12.373 12.861 13.323 13.759 14.171 14.573 14.987 15.456 16.029 16.724 17.237 17.609 17.866 17.814 17.629 17.472 17.404 17.481 17.729 18.165 18.71 19.309 19.926 20.522 21.059 21.505 21.846 22.082 22.231 22.313 22.353 22.371 22.38
4.033 4.6541 5.2745 5.8932 6.509 7.1207 7.7276 8.3294 8.9258 9.5173 10.104 10.687 11.266 11.84 12.41 12.975 13.532 14.079 14.614 15.135 15.641 16.134 16.626 17.131 17.662 18.234 18.948 19.606 20.062 20.274 20.181 19.954 19.826 19.799 19.887 20.124 20.551 21.126 21.8 22.517 23.203 23.787 24.223 24.494 24.612 24.605 24.509 24.355 24.171 23.977
6.4189 6.9557 7.4921 8.0279 8.5626 9.0966 9.6303 10.165 10.701 11.242 11.787 12.339 12.899 13.466 14.04 14.62 15.204 15.79 16.374 16.955 17.529 18.101 18.676 19.262 19.864 20.496 21.167 21.784 22.208 22.348 22.219 22.129 22.166 22.236 22.358 22.582 22.963 23.512 24.263 25.099 25.881 26.51 26.929 27.124 27.12 26.966 26.699 26.356 25.978 25.589
8.8265 9.2739 9.7214 10.169 10.619 11.071 11.529 11.994 12.47 12.959 13.464 13.986 14.528 15.09 15.67 16.268 16.881 17.507 18.141 18.78 19.422 20.068 20.719 21.376 22.039 22.703 23.338 23.89 24.278 24.461 24.497 24.531 24.616 24.724 24.853 25.037 25.334 25.844 26.707 27.665 28.526 29.183 29.577 29.696 29.587 29.309 28.89 28.368 27.811 27.239
11.262 11.613 11.965 12.319 12.677 13.044 13.421 13.815 14.228 14.666 15.132 15.627 16.154 16.713 17.302 17.921 18.565 19.231 19.915 20.611 21.316 22.029 22.745 23.461 24.168 24.845 25.464 25.99 26.394 26.675 26.87 27.027 27.167 27.298 27.424 27.586 27.867 28.37 29.248 30.232 31.095 31.738 32.078 32.15 31.988 31.626 31.088 30.417 29.704 28.961
13.733 13.979 14.226 14.477 14.738 15.012 15.306 15.625 15.976 16.364 16.792 17.263 17.778 18.337 18.939 19.58 20.257 20.965 21.697 22.447 23.21 23.98 24.751 25.512 26.25 26.944 27.572 28.118 28.579 28.965 29.289 29.56 29.78 29.961 30.129 30.349 30.709 31.27 32.034 32.869 33.617 34.167 34.456 34.484 34.277 33.863 33.269 32.529 31.69 30.804
16.244 16.373 16.505 16.644 16.798 16.974 17.18 17.423 17.712 18.051 18.444 18.894 19.402 19.965 20.583 21.25 21.961 22.71 23.488 24.287 25.1 25.919 26.734 27.533 28.301 29.021 29.682 30.279 30.815 31.297 31.729 32.105 32.419 32.684 32.944 33.262 33.688 34.235 34.868 35.52 36.099 36.522 36.735 36.714 36.471 36.029 35.415 34.653 33.783 32.848
18.8 18.799 18.803 18.819 18.857 18.927 19.041 19.208 19.435 19.728 20.091 20.525 21.029 21.602 22.239 22.934 23.681 24.469 25.288 26.13 26.985 27.845 28.698 29.532 30.334 31.093 31.804 32.464 33.078 33.647 34.17 34.639 35.04 35.399 35.755 36.146 36.593 37.089 37.607 38.103 38.526 38.821 38.946 38.875 38.604 38.155 37.552 36.811 35.981 35.093
21.403 21.257 21.118 20.998 20.911 20.87 20.89 20.98 21.148 21.399 21.736 22.159 22.666 23.252 23.913 24.638 25.418 26.241 27.097 27.975 28.867 29.762 30.65 31.52 32.362 33.169 33.937 34.665 35.352 35.995 36.593 37.139 37.623 38.069 38.502 38.94 39.386 39.83 40.251 40.623 40.916 41.098 41.139 41.021 40.737 40.299 39.727 39.045 38.291 37.507
24.049 23.743 23.447 23.179 22.958 22.802 22.726 22.74 22.853 23.068 23.386 23.804 24.319 24.923 25.609 26.364 27.174 28.027 28.914 29.823 30.747 31.674 32.597 33.505 34.392 35.251 36.078 36.87 37.621 38.33 38.992 39.604 40.166 40.684 41.173 41.636 42.071 42.468 42.812 43.088 43.279 43.369 43.34 43.183 42.892 42.477 41.953 41.347 40.69 40.014
26.73 26.249 25.784 25.359 24.999 24.724 24.552 24.495 24.558 24.743 25.048 25.468 25.995 26.623 27.334 28.113 28.948 29.826 30.738 31.675 32.627 33.586 34.545 35.494 36.428 37.34 38.223 39.073 39.885 40.653 41.375 42.047 42.669 43.242 43.768 44.244 44.664 45.021 45.305 45.508 45.623 45.643 45.561 45.375 45.085 44.698 44.23 43.702 43.14 42.565
29.424 28.76 28.12 27.535 27.034 26.642 26.377 26.253 26.272 26.434 26.733 27.161 27.707 28.354 29.085 29.883 30.737 31.636 32.57 33.531 34.511 35.502 36.497 37.49 38.472 39.435 40.373 41.278 42.146 42.97 43.745 44.469 45.139 45.75 46.298 46.778 47.182 47.505 47.743 47.893 47.953 47.923 47.805 47.602 47.318 46.963 46.55 46.096 45.62 45.134
32.095 31.255 30.446 29.707 29.072 28.565 28.212 28.026 28.009 28.154 28.454 28.892 29.454 30.115 30.859 31.671 32.539 33.455 34.408 35.392 36.4 37.425 38.459 39.495 40.523 41.537 42.527 43.486 44.406 45.282 46.106 46.874 47.58 48.217 48.778 49.255 49.644 49.94 50.142 50.252 50.273 50.211 50.071 49.861 49.589 49.267 48.905 48.517 48.113 47.705
34.695 33.71 32.755 31.878 31.122 30.514 30.077 29.836 29.784 29.918 30.221 30.668 31.235 31.902 32.651 33.471 34.35 35.279 36.25 37.258 38.295 39.354 40.427 41.506 42.581 43.643 44.684 45.695 46.666 47.591 48.459 49.265 49.999 50.654 51.221 51.693 52.067 52.34 52.515 52.595 52.589 52.505 52.354 52.145 51.89 51.6 51.285 50.953 50.613 50.27
37.194 36.127 35.046 34.055 33.196 32.502 32.001 31.706 31.618 31.745 32.04 32.479 33.041 33.704 34.453 35.278 36.163 37.105 38.095 39.127 40.194 41.288 42.4 43.521 44.642 45.753 46.845 47.906 48.927 49.897 50.807 51.646 52.403 53.071 53.641 54.107 54.466 54.719 54.871 54.929 54.903 54.805 54.649 54.447 54.211 53.953 53.68 53.399 53.115 52.829
39.621 38.466 37.325 36.256 35.309 34.54 33.998 33.659 33.539 33.625 33.893 34.31 34.857 35.509 36.256 37.081 37.975 38.931 39.941 40.998 42.095 43.223 44.374 45.538 46.706 47.866 49.007 50.119 51.188 52.203 53.151 54.02 54.799 55.478 56.049 56.507 56.853 57.088 57.219 57.257 57.216 57.108 56.951 56.759 56.544 56.316 56.083 55.85 55.617 55.384
42.018 40.791 39.593 38.47 37.477 36.656 36.068 35.68 35.5 35.529 35.753 36.141 36.669 37.312 38.054 38.882 39.785 40.756 41.787 42.869 43.996 45.159 46.349 47.556 48.77 49.979 51.17 52.332 53.449 54.508 55.494 56.392 57.191 57.88 58.452 58.904 59.235 59.452 59.564 59.584 59.528 59.413 59.256 59.074 58.88 58.683 58.49 58.302 58.118 57.936
