   0.00003540 
   0.00000819 
   0.00003915 
   0.00000285 
   0.00000868 
  -0.00000612 
   0.00001006 
   0.00007441 
   0.00009200 
   0.00010588 
   0.00000165 
  -0.00000306 
   0.00000316 
  -0.00002098 
  -0.00000412 
  -0.00002619 
   0.00000342 
  -0.00002346 
   0.00000103 
  -0.00002475 
   0.00001526 
   0.00001123 
   0.00000466 
   0.00000603 
   0.00002514 
  -0.00004104 
  -0.00003514 
  -0.00002688 
  -0.00006902 
  -0.00003278 
  -0.00002807 
  -0.00003305 
   0.00003741 
  -0.00004765 
  -0.00000459 
  -0.00010465 
  -0.00003011 
   0.00000169 
   0.00010106 
   0.00019376 
   0.00027673 
   0.00004001 
   0.00005900 
  -0.00002570 
  -0.00004183 
  -0.00002449 
  -0.00008080 
   0.00001622 
  -0.00001655 
  -0.00000896 
   0.00001035 
  -0.00001447 
   0.00000022 
  -0.00001807 
  -0.00000159 
   0.00004704 
  -0.00000597 
  -0.00003112 
  -0.00004678 
   0.00001461 
   0.00009051 
   0.00004601 
  -0.00000064 
  -0.00006658 
  -0.00003410 
  -0.00001280 
  -0.00007987 
  -0.00004481 
  -0.00002016 
   0.00000299 
   0.00004734 
   0.00008845 
   0.00020012 
  -0.00001537 
  -0.00000149 
   0.00002621 
  -0.00000673 
  -0.00001820 
   0.00006357 
  -0.00000678 
   0.00002601 
   0.00002927 
   0.00001570 
   0.00002885 
   0.00000210 
  -0.00003315 
   0.00002424 
  -0.00002427 
  -0.00000265 
  -0.00000473 
  -0.00000532 
  -0.00000443 
  -0.00002060 
  -0.00003282 
  -0.00003987 
  -0.00003678 
  -0.00001049 
  -0.00005577 
  -0.00003512 
  -0.00007112 
   0.00000072 
   0.00004939 
   0.00001174 
  -0.00002776 
   0.00000204 
   0.00004895 
   0.00007808 
  -0.00004866 
   0.00019867 
  -0.00000509 
   0.00027254 
  -0.00004348 
   0.00008715 
  -0.00008665 
  -0.00012500 
  -0.00025233 
   0.00012958 
  -0.00008699 
   0.00020228 
  -0.00012695 
