   0.10603501 
   0.10606990 
   0.10610412 
   0.10613661 
   0.10616612 
   0.10619149 
   0.10621193 
   0.10622713 
   0.10623730 
   0.10624310 
   0.10624544 
   0.10624532 
   0.10624366 
   0.10624125 
   0.10623859 
   0.10623592 
   0.10623331 
   0.10623078 
   0.10622842 
   0.10622626 
   0.10622422 
   0.10622213 
   0.10621975 
   0.10621687 
   0.10621339 
   0.10620913 
   0.10620379 
   0.10619693 
   0.10618826 
   0.10617784 
   0.10616584 
   0.10615216 
   0.10613629 
   0.10611765 
   0.10609567 
   0.10606988 
   0.10604027 
   0.10600753 
   0.10597249 
   0.10593580 
   0.10589825 
   0.10586074 
   0.10582302 
   0.10578268 
   0.10573691 
   0.10568503 
   0.10562887 
   0.10557087 
   0.10551240 
   0.10545513 
   0.10540255 
   0.10535983 
   0.10533527 
   0.10534035 
   0.10538649 
   0.10547716 
   0.10559715 
   0.10571552 
   0.10580867 
   0.10587302 
   0.10591607 
   0.10594579 
   0.10596757 
   0.10598483 
   0.10607581 
   0.10615181 
   0.10622690 
   0.10629862 
   0.10636396 
   0.10642031 
   0.10646576 
   0.10649950 
   0.10652196 
   0.10653470 
   0.10653984 
   0.10653956 
   0.10653596 
   0.10653082 
   0.10652526 
   0.10651968 
   0.10651402 
   0.10650831 
   0.10650277 
   0.10649758 
   0.10649262 
   0.10648748 
   0.10648160 
   0.10647457 
   0.10646621 
   0.10645636 
   0.10644434 
   0.10642888 
   0.10640913 
   0.10638529 
   0.10635813 
   0.10632756 
   0.10629221 
   0.10625085 
   0.10620246 
   0.10614560 
   0.10608010 
   0.10600795 
   0.10593142 
   0.10585130 
   0.10576894 
   0.10568733 
   0.10560732 
   0.10552320 
   0.10542731 
   0.10531810 
   0.10520025 
   0.10508073 
   0.10496129 
   0.10484493 
   0.10474092 
   0.10465798 
   0.10461225 
   0.10462654 
   0.10472461 
   0.10491989 
   0.10518332 
   0.10543395 
   0.10561849 
   0.10574198 
   0.10582602 
   0.10588612 
   0.10593143 
   0.10596784 
   0.10612698 
   0.10625568 
   0.10638456 
   0.10650871 
   0.10662255 
   0.10672145 
   0.10680168 
   0.10686116 
   0.10690057 
   0.10692295 
   0.10693223 
   0.10693218 
   0.10692642 
   0.10691829 
   0.10690979 
   0.10690116 
   0.10689179 
   0.10688142 
   0.10687071 
   0.10686032 
   0.10685005 
   0.10683936 
   0.10682717 
   0.10681270 
   0.10679590 
   0.10677720 
   0.10675563 
   0.10672791 
   0.10669180 
   0.10664774 
   0.10659812 
   0.10654383 
   0.10648077 
   0.10640744 
   0.10632362 
   0.10622504 
   0.10611077 
   0.10598551 
   0.10585577 
   0.10571992 
   0.10557891 
   0.10543918 
   0.10530688 
   0.10517308 
   0.10502134 
   0.10485034 
   0.10466458 
   0.10448279 
   0.10430380 
   0.10413057 
   0.10399175 
   0.10388852 
   0.10384856 
   0.10390147 
   0.10407105 
   0.10437774 
   0.10480653 
   0.10518154 
   0.10542759 
   0.10559573 
   0.10571917 
   0.10581341 
   0.10588704 
   0.10594697 
   0.10618917 
   0.10638417 
   0.10658337 
   0.10677722 
   0.10695696 
   0.10711623 
   0.10724756 
   0.10734509 
   0.10740955 
   0.10744697 
   0.10746427 
   0.10746681 
   0.10745981 
   0.10744959 
   0.10743951 
   0.10742898 
   0.10741563 
   0.10739805 
   0.10737809 
   0.10735800 
   0.10733664 
   0.10731491 
   0.10729017 
   0.10726140 
   0.10722844 
   0.10719376 
   0.10715803 
   0.10711189 
   0.10705074 
   0.10697522 
   0.10688877 
   0.10679920 
   0.10669310 
   0.10657064 
   0.10643787 
   0.10628060 
   0.10610058 
   0.10590080 
   0.10570488 
   0.10549920 
   0.10528368 
   0.10507429 
   0.10485987 
   0.10465961 
   0.10445978 
   0.10424477 
   0.10401520 
   0.10378071 
   0.10354723 
   0.10336355 
   0.10324212 
   0.10319962 
   0.10327926 
   0.10349648 
   0.10384965 
   0.10424599 
   0.10464229 
   0.10496168 
   0.10520154 
   0.10540426 
   0.10557644 
   0.10571701 
   0.10582902 
   0.10592002 
   0.10625384 
   0.10651977 
   0.10679883 
   0.10707220 
   0.10733266 
   0.10757585 
   0.10778375 
   0.10793870 
   0.10804186 
   0.10810532 
   0.10814123 
   0.10815573 
   0.10815236 
   0.10814546 
   0.10813937 
   0.10813136 
   0.10811622 
   0.10808849 
   0.10805054 
   0.10801295 
   0.10796460 
   0.10792105 
   0.10786927 
   0.10781296 
   0.10774951 
   0.10768193 
   0.10762531 
   0.10754891 
   0.10745163 
   0.10733185 
   0.10719079 
   0.10702908 
   0.10685512 
   0.10667045 
   0.10645226 
   0.10621241 
   0.10595748 
   0.10567859 
   0.10538468 
   0.10510255 
   0.10482762 
   0.10455151 
   0.10430651 
   0.10405072 
   0.10381207 
   0.10358370 
   0.10339891 
   0.10319679 
   0.10304067 
   0.10294855 
   0.10295438 
   0.10306207 
   0.10328592 
   0.10361804 
   0.10394754 
   0.10423088 
   0.10445305 
   0.10459837 
   0.10483588 
   0.10511435 
   0.10537273 
   0.10558561 
   0.10575260 
   0.10588527 
   0.10629983 
   0.10660233 
   0.10692248 
   0.10723439 
   0.10757022 
   0.10792556 
   0.10824835 
   0.10848947 
   0.10865708 
   0.10877102 
   0.10885038 
   0.10890926 
   0.10892531 
   0.10894321 
   0.10895410 
   0.10895790 
   0.10895083 
   0.10891325 
   0.10885144 
   0.10876150 
   0.10866533 
   0.10855785 
   0.10846123 
   0.10834038 
   0.10822596 
   0.10811110 
   0.10798171 
   0.10786434 
   0.10772442 
   0.10755076 
   0.10735436 
   0.10714628 
   0.10693057 
   0.10669075 
   0.10642189 
   0.10612506 
   0.10578789 
   0.10542906 
   0.10507179 
   0.10471895 
   0.10441661 
   0.10414866 
   0.10389584 
   0.10364667 
   0.10340204 
   0.10321645 
   0.10305593 
   0.10293513 
   0.10288499 
   0.10290735 
   0.10296790 
   0.10310032 
   0.10323300 
   0.10326214 
   0.10328272 
   0.10335434 
   0.10355269 
   0.10375723 
   0.10419754 
   0.10467709 
   0.10509070 
   0.10541374 
   0.10565659 
   0.10584273 
   0.10628674 
   0.10659025 
   0.10657516 
   0.10673625 
   0.10713149 
   0.10762593 
   0.10808960 
   0.10847296 
   0.10876824 
   0.10898960 
   0.10916914 
   0.10932927 
   0.10947136 
   0.10955855 
   0.10960458 
   0.10963050 
   0.10965516 
   0.10962121 
   0.10955316 
   0.10947174 
   0.10936413 
   0.10923485 
   0.10908343 
   0.10892885 
   0.10877510 
   0.10860927 
   0.10842546 
   0.10822595 
   0.10801402 
   0.10777283 
   0.10751737 
   0.10726696 
   0.10698654 
   0.10669206 
   0.10637402 
   0.10600983 
   0.10562810 
   0.10520788 
   0.10482512 
   0.10446468 
   0.10411001 
   0.10380133 
   0.10355257 
   0.10327786 
   0.10302389 
   0.10281851 
   0.10259272 
   0.10235795 
   0.10222262 
   0.10212277 
   0.10201942 
   0.10183194 
   0.10148459 
   0.10108602 
   0.10079520 
   0.10083737 
   0.10140002 
   0.10229805 
   0.10327584 
   0.10410269 
   0.10474093 
   0.10521002 
   0.10554711 
   0.10579552 
   0.10621939 
   0.10630844 
   0.10605341 
   0.10598643 
   0.10636914 
   0.10694596 
   0.10755401 
   0.10809150 
   0.10850993 
   0.10887560 
   0.10920464 
   0.10950014 
   0.10972617 
   0.10987611 
   0.10998567 
   0.11004434 
   0.11003572 
   0.11003876 
   0.11006121 
   0.11002947 
   0.10995316 
   0.10980836 
   0.10967208 
   0.10953979 
   0.10936134 
   0.10915732 
   0.10887435 
   0.10855301 
   0.10824890 
   0.10791822 
   0.10756972 
   0.10719883 
   0.10684719 
   0.10649865 
   0.10612433 
   0.10572920 
   0.10535999 
   0.10503751 
   0.10465523 
   0.10424591 
   0.10387146 
   0.10350269 
   0.10307564 
   0.10274462 
   0.10240949 
   0.10206107 
   0.10175989 
   0.10151519 
   0.10117240 
   0.10076870 
   0.10021882 
   0.09952635 
   0.09871810 
   0.09799399 
   0.09759851 
   0.09780530 
   0.09881209 
   0.10073690 
   0.10229006 
   0.10348783 
   0.10437139 
   0.10500247 
   0.10544016 
   0.10575060 
   0.10625103 
   0.10647617 
   0.10673548 
   0.10709158 
   0.10764133 
   0.10822189 
   0.10869160 
   0.10903599 
   0.10929662 
   0.10954879 
   0.10979110 
   0.10997041 
   0.11010543 
   0.11020996 
   0.11028050 
   0.11034965 
   0.11037448 
   0.11037908 
   0.11035707 
   0.11033649 
   0.11026899 
   0.11016210 
   0.10998795 
   0.10978728 
   0.10956238 
   0.10926515 
   0.10894925 
   0.10861084 
   0.10823937 
   0.10789017 
   0.10752708 
   0.10716088 
   0.10680844 
   0.10646610 
   0.10612882 
   0.10580440 
   0.10548311 
   0.10516474 
   0.10481706 
   0.10445608 
   0.10406664 
   0.10362274 
   0.10312518 
   0.10260352 
   0.10212951 
   0.10166964 
   0.10123394 
   0.10079975 
   0.10031990 
   0.09974715 
   0.09907128 
   0.09827059 
   0.09755725 
   0.09709079 
   0.09703652 
   0.09755602 
   0.09843784 
   0.09983601 
   0.10154389 
   0.10298035 
   0.10406047 
   0.10484209 
   0.10536064 
   0.10571759 
   0.10637456 
   0.10684703 
   0.10757195 
   0.10874608 
   0.10989994 
   0.11070831 
   0.11110448 
   0.11125613 
   0.11132336 
   0.11130616 
   0.11125581 
   0.11116043 
   0.11105578 
   0.11097107 
   0.11090684 
   0.11082441 
   0.11074405 
   0.11062462 
   0.11048763 
   0.11034921 
   0.11021518 
   0.11008399 
   0.10992118 
   0.10973024 
   0.10952864 
   0.10931976 
   0.10907809 
   0.10879418 
   0.10846225 
   0.10811071 
   0.10776772 
   0.10741964 
   0.10704371 
   0.10665393 
   0.10629513 
   0.10596453 
   0.10562647 
   0.10524125 
   0.10483016 
   0.10435890 
   0.10379533 
   0.10321510 
   0.10270886 
   0.10221048 
   0.10175959 
   0.10135374 
   0.10091022 
   0.10041941 
   0.09983068 
   0.09913398 
   0.09830440 
   0.09755716 
   0.09707333 
   0.09691000 
   0.09706048 
   0.09742023 
   0.09829908 
   0.09974365 
   0.10132896 
   0.10269950 
   0.10396266 
   0.10479031 
   0.10533125 
   0.10570397 
   0.10648613 
   0.10712179 
   0.10808253 
   0.10951037 
   0.11137222 
   0.11264368 
   0.11342449 
   0.11379717 
   0.11390206 
   0.11379183 
   0.11346613 
   0.11309626 
   0.11274248 
   0.11239188 
   0.11203589 
   0.11169627 
   0.11139978 
   0.11115847 
   0.11092887 
   0.11072818 
   0.11054079 
   0.11035777 
   0.11018928 
   0.10998395 
   0.10976698 
   0.10955201 
   0.10932159 
   0.10904731 
   0.10871458 
   0.10835494 
   0.10802645 
   0.10766067 
   0.10731268 
   0.10692225 
   0.10650984 
   0.10617255 
   0.10578256 
   0.10528312 
   0.10473190 
   0.10415267 
   0.10366649 
   0.10319283 
   0.10266050 
   0.10212559 
   0.10159104 
   0.10109052 
   0.10057607 
   0.10001598 
   0.09940563 
   0.09873033 
   0.09818136 
   0.09781068 
   0.09768689 
   0.09782259 
   0.09804414 
   0.09853504 
   0.09949943 
   0.10068610 
   0.10194116 
   0.10315643 
   0.10414365 
   0.10485695 
   0.10535224 
   0.10570911 
   0.10653228 
   0.10721169 
   0.10818638 
   0.10956083 
   0.11124966 
   0.11291926 
   0.11429489 
   0.11526548 
   0.11576288 
   0.11586365 
   0.11573544 
   0.11544356 
   0.11507093 
   0.11461451 
   0.11408970 
   0.11355263 
   0.11308113 
   0.11263661 
   0.11219920 
   0.11179800 
   0.11144135 
   0.11114711 
   0.11082249 
   0.11047497 
   0.11015510 
   0.10984682 
   0.10954759 
   0.10922299 
   0.10889787 
   0.10858798 
   0.10826168 
   0.10790585 
   0.10747157 
   0.10706872 
   0.10664550 
   0.10609586 
   0.10551010 
   0.10494541 
   0.10438257 
   0.10390881 
   0.10343044 
   0.10295591 
   0.10250297 
   0.10209667 
   0.10169460 
   0.10118261 
   0.10068179 
   0.10020586 
   0.09968213 
   0.09919656 
   0.09895648 
   0.09888448 
   0.09895945 
   0.09915067 
   0.09953170 
   0.10016178 
   0.10098099 
   0.10195843 
   0.10291718 
   0.10372813 
   0.10441859 
   0.10497086 
   0.10539593 
   0.10572353 
   0.10651612 
   0.10715699 
   0.10804322 
   0.10926581 
   0.11084135 
   0.11270941 
   0.11464595 
   0.11613837 
   0.11700227 
   0.11738847 
   0.11747249 
   0.11731622 
   0.11700079 
   0.11658236 
   0.11609880 
   0.11558673 
   0.11499363 
   0.11438410 
   0.11377098 
   0.11315320 
   0.11251027 
   0.11187980 
   0.11131466 
   0.11084090 
   0.11035634 
   0.10987250 
   0.10946482 
   0.10911312 
   0.10880172 
   0.10851772 
   0.10820838 
   0.10780531 
   0.10736388 
   0.10682042 
   0.10628018 
   0.10573315 
   0.10521697 
   0.10473461 
   0.10422601 
   0.10377641 
   0.10333192 
   0.10293521 
   0.10255405 
   0.10215344 
   0.10175313 
   0.10137580 
   0.10097717 
   0.10059440 
   0.10028749 
   0.10001159 
   0.09982804 
   0.09995102 
   0.10027606 
   0.10059719 
   0.10103919 
   0.10158116 
   0.10221970 
   0.10296422 
   0.10354269 
   0.10408443 
   0.10458096 
   0.10504580 
   0.10542917 
   0.10573591 
   0.10646132 
   0.10702418 
   0.10779106 
   0.10886246 
   0.11033519 
   0.11228592 
   0.11443820 
   0.11593856 
   0.11698694 
   0.11766225 
   0.11793038 
   0.11786760 
   0.11756024 
   0.11712813 
   0.11660682 
   0.11594162 
   0.11520053 
   0.11443299 
   0.11370579 
   0.11296238 
   0.11230829 
   0.11167745 
   0.11112525 
   0.11058841 
   0.11006972 
   0.10955816 
   0.10906747 
   0.10870786 
   0.10840672 
   0.10807313 
   0.10765491 
   0.10717985 
   0.10668181 
   0.10621630 
   0.10575717 
   0.10534947 
   0.10494125 
   0.10458004 
   0.10431726 
   0.10399085 
   0.10365245 
   0.10331065 
   0.10290581 
   0.10249852 
   0.10216791 
   0.10189348 
   0.10159783 
   0.10122515 
   0.10090272 
   0.10086397 
   0.10106441 
   0.10135020 
   0.10158330 
   0.10192833 
   0.10228698 
   0.10265977 
   0.10298119 
   0.10320717 
   0.10356195 
   0.10401497 
   0.10457207 
   0.10505850 
   0.10544021 
   0.10574118 
   0.10638878 
   0.10685833 
   0.10749426 
   0.10839081 
   0.10964663 
   0.11130878 
   0.11320722 
   0.11471637 
   0.11564955 
   0.11614824 
   0.11634193 
   0.11616104 
   0.11573997 
   0.11517306 
   0.11451124 
   0.11379953 
   0.11303339 
   0.11235583 
   0.11177452 
   0.11127719 
   0.11076769 
   0.11037351 
   0.10999111 
   0.10963775 
   0.10928644 
   0.10894166 
   0.10858638 
   0.10818159 
   0.10773726 
   0.10723289 
   0.10673169 
   0.10634344 
   0.10598799 
   0.10568057 
   0.10537497 
   0.10504551 
   0.10479783 
   0.10458635 
   0.10435760 
   0.10412293 
   0.10384993 
   0.10355906 
   0.10331942 
   0.10306016 
   0.10277574 
   0.10243885 
   0.10209470 
   0.10191375 
   0.10191222 
   0.10209376 
   0.10235289 
   0.10253857 
   0.10272515 
   0.10289465 
   0.10308587 
   0.10320064 
   0.10323123 
   0.10330806 
   0.10355218 
   0.10400080 
   0.10455549 
   0.10505409 
   0.10543939 
   0.10574105 
   0.10631169 
   0.10668443 
   0.10718347 
   0.10787993 
   0.10884300 
   0.11011068 
   0.11163984 
   0.11303158 
   0.11340534 
   0.11351305 
   0.11332151 
   0.11283965 
   0.11232843 
   0.11172399 
   0.11103421 
   0.11041120 
   0.10998752 
   0.10966573 
   0.10938669 
   0.10920121 
   0.10909965 
   0.10896857 
   0.10878578 
   0.10859020 
   0.10833714 
   0.10800866 
   0.10759272 
   0.10712803 
   0.10668411 
   0.10630515 
   0.10597949 
   0.10570554 
   0.10545509 
   0.10515955 
   0.10492080 
   0.10472500 
   0.10456582 
   0.10447660 
   0.10434214 
   0.10417070 
   0.10401539 
   0.10385767 
   0.10377061 
   0.10366676 
   0.10347141 
   0.10330246 
   0.10323782 
   0.10323148 
   0.10338770 
   0.10363977 
   0.10378131 
   0.10389658 
   0.10396439 
   0.10395933 
   0.10387172 
   0.10368691 
   0.10354653 
   0.10356196 
   0.10375861 
   0.10410650 
   0.10460172 
   0.10505870 
   0.10543523 
   0.10573780 
   0.10623817 
   0.10651884 
   0.10688578 
   0.10738194 
   0.10803839 
   0.10884359 
   0.10966325 
   0.11014269 
   0.11030194 
   0.11004979 
   0.10962777 
   0.10919221 
   0.10877297 
   0.10848916 
   0.10826990 
   0.10807126 
   0.10792712 
   0.10783368 
   0.10781666 
   0.10786234 
   0.10790400 
   0.10788558 
   0.10779324 
   0.10757109 
   0.10721281 
   0.10679140 
   0.10639569 
   0.10603455 
   0.10574044 
   0.10550829 
   0.10531233 
   0.10511767 
   0.10490683 
   0.10477606 
   0.10463357 
   0.10453321 
   0.10445442 
   0.10433785 
   0.10420653 
   0.10414225 
   0.10418442 
   0.10419071 
   0.10416717 
   0.10419951 
   0.10422642 
   0.10425930 
   0.10438235 
   0.10463688 
   0.10495530 
   0.10514694 
   0.10525475 
   0.10526120 
   0.10512049 
   0.10487131 
   0.10448253 
   0.10416297 
   0.10393938 
   0.10383603 
   0.10390555 
   0.10418971 
   0.10460997 
   0.10504913 
   0.10542301 
   0.10573066 
   0.10617359 
   0.10637390 
   0.10662622 
   0.10694970 
   0.10734474 
   0.10776610 
   0.10808532 
   0.10810292 
   0.10748648 
   0.10688333 
   0.10650300 
   0.10651474 
   0.10659519 
   0.10668117 
   0.10682309 
   0.10697514 
   0.10712128 
   0.10722675 
   0.10732280 
   0.10738199 
   0.10735927 
   0.10718297 
   0.10691976 
   0.10654780 
   0.10614932 
   0.10578174 
   0.10546429 
   0.10520926 
   0.10498176 
   0.10476741 
   0.10461121 
   0.10452488 
   0.10445081 
   0.10437087 
   0.10436718 
   0.10432075 
   0.10420666 
   0.10416309 
   0.10427754 
   0.10434191 
   0.10439650 
   0.10457738 
   0.10478771 
   0.10497543 
   0.10524603 
   0.10557631 
   0.10597289 
   0.10640614 
   0.10672783 
   0.10686013 
   0.10683896 
   0.10660120 
   0.10616534 
   0.10562849 
   0.10509014 
   0.10455389 
   0.10414671 
   0.10391832 
   0.10390549 
   0.10413257 
   0.10456133 
   0.10500690 
   0.10539599 
   0.10571811 
   0.10612112 
   0.10625731 
   0.10642100 
   0.10661691 
   0.10683217 
   0.10702128 
   0.10709506 
   0.10693802 
   0.10656858 
   0.10603392 
   0.10564107 
   0.10569654 
   0.10600650 
   0.10637076 
   0.10676199 
   0.10711242 
   0.10736188 
   0.10752030 
   0.10752612 
   0.10734581 
   0.10703587 
   0.10663382 
   0.10618491 
   0.10577580 
   0.10547718 
   0.10523083 
   0.10501340 
   0.10480661 
   0.10460946 
   0.10448845 
   0.10437359 
   0.10420924 
   0.10414133 
   0.10406019 
   0.10393118 
   0.10390998 
   0.10397004 
   0.10401174 
   0.10417383 
   0.10445695 
   0.10476576 
   0.10513977 
   0.10557250 
   0.10606893 
   0.10660264 
   0.10723798 
   0.10795746 
   0.10850470 
   0.10879967 
   0.10879789 
   0.10846460 
   0.10780866 
   0.10705002 
   0.10623923 
   0.10548571 
   0.10484126 
   0.10429513 
   0.10393584 
   0.10385582 
   0.10403735 
   0.10443780 
   0.10492813 
   0.10535570 
   0.10570151 
   0.10608163 
   0.10617109 
   0.10627376 
   0.10638894 
   0.10650440 
   0.10659054 
   0.10659968 
   0.10648093 
   0.10619880 
   0.10598140 
   0.10628537 
   0.10691697 
   0.10751955 
   0.10803323 
   0.10844788 
   0.10870701 
   0.10870955 
   0.10846059 
   0.10804941 
   0.10749527 
   0.10689608 
   0.10640585 
   0.10600473 
   0.10573497 
   0.10551373 
   0.10535522 
   0.10520754 
   0.10504642 
   0.10483731 
   0.10457363 
   0.10436313 
   0.10419036 
   0.10399548 
   0.10386379 
   0.10376283 
   0.10373623 
   0.10386704 
   0.10408648 
   0.10430588 
   0.10463328 
   0.10508393 
   0.10557313 
   0.10617484 
   0.10686367 
   0.10765715 
   0.10858434 
   0.10943480 
   0.11006269 
   0.11024809 
   0.10997145 
   0.10929071 
   0.10840846 
   0.10745022 
   0.10652748 
   0.10561760 
   0.10479608 
   0.10412129 
   0.10363153 
   0.10344649 
   0.10365124 
   0.10423441 
   0.10483973 
   0.10531554 
   0.10568591 
   0.10605403 
   0.10611223 
   0.10617731 
   0.10624889 
   0.10632204 
   0.10638800 
   0.10644099 
   0.10649698 
   0.10663927 
   0.10704800 
   0.10810769 
   0.10939799 
   0.11038234 
   0.11086830 
   0.11088573 
   0.11052018 
   0.10986906 
   0.10908977 
   0.10829867 
   0.10763387 
   0.10719899 
   0.10684550 
   0.10656464 
   0.10629847 
   0.10608130 
   0.10597681 
   0.10577349 
   0.10550184 
   0.10516072 
   0.10487640 
   0.10457919 
   0.10428617 
   0.10394844 
   0.10368356 
   0.10358493 
   0.10362130 
   0.10370397 
   0.10387772 
   0.10413236 
   0.10447269 
   0.10483041 
   0.10530020 
   0.10586356 
   0.10650506 
   0.10723625 
   0.10795195 
   0.10848171 
   0.10871049 
   0.10847106 
   0.10796781 
   0.10737507 
   0.10677862 
   0.10627218 
   0.10563206 
   0.10486399 
   0.10418121 
   0.10361630 
   0.10326413 
   0.10319330 
   0.10352051 
   0.10416355 
   0.10478804 
   0.10529025 
   0.10567763 
   0.10603595 
   0.10607471 
   0.10611873 
   0.10617017 
   0.10623228 
   0.10631413 
   0.10644292 
   0.10669118 
   0.10722842 
   0.10840493 
   0.11066154 
   0.11194096 
   0.11238926 
   0.11226388 
   0.11181396 
   0.11102745 
   0.11015363 
   0.10937618 
   0.10871642 
   0.10822714 
   0.10784237 
   0.10755970 
   0.10724895 
   0.10688733 
   0.10646227 
   0.10590285 
   0.10528981 
   0.10471784 
   0.10421884 
   0.10372269 
   0.10319372 
   0.10275647 
   0.10247348 
   0.10221297 
   0.10202519 
   0.10188812 
   0.10175322 
   0.10173476 
   0.10182334 
   0.10198912 
   0.10219609 
   0.10248553 
   0.10285560 
   0.10330756 
   0.10368551 
   0.10384687 
   0.10367330 
   0.10323167 
   0.10285191 
   0.10259147 
   0.10246479 
   0.10233027 
   0.10210994 
   0.10207027 
   0.10220890 
   0.10228215 
   0.10225979 
   0.10236866 
   0.10268697 
   0.10327098 
   0.10405484 
   0.10474126 
   0.10528690 
   0.10568580 
   0.10602464 
   0.10605181 
   0.10608451 
   0.10612722 
   0.10618849 
   0.10628668 
   0.10646135 
   0.10679247 
   0.10742171 
   0.10852234 
   0.10998104 
   0.11086583 
   0.11101078 
   0.11049737 
   0.10980690 
   0.10932408 
   0.10902262 
   0.10880696 
   0.10857926 
   0.10825169 
   0.10780092 
   0.10725756 
   0.10667204 
   0.10606456 
   0.10534599 
   0.10455624 
   0.10377768 
   0.10299728 
   0.10226956 
   0.10154450 
   0.10100063 
   0.10054871 
   0.10022680 
   0.10001435 
   0.09980824 
   0.09958305 
   0.09945566 
   0.09938653 
   0.09937200 
   0.09936662 
   0.09951379 
   0.09969754 
   0.09990874 
   0.10000004 
   0.09984114 
   0.09931768 
   0.09855195 
   0.09781165 
   0.09735364 
   0.09712051 
   0.09698389 
   0.09693432 
   0.09701023 
   0.09716586 
   0.09751832 
   0.09809597 
   0.09892004 
   0.09998088 
   0.10122412 
   0.10250299 
   0.10375138 
   0.10471272 
   0.10534854 
   0.10573332 
   0.10601763 
   0.10603780 
   0.10606388 
   0.10610135 
   0.10616022 
   0.10625931 
   0.10643209 
   0.10673057 
   0.10720944 
   0.10784046 
   0.10830304 
   0.10787852 
   0.10725985 
   0.10755153 
   0.10809088 
   0.10855735 
   0.10882550 
   0.10888869 
   0.10867006 
   0.10811633 
   0.10726799 
   0.10631506 
   0.10528132 
   0.10411874 
   0.10304551 
   0.10208961 
   0.10124545 
   0.10049853 
   0.09986979 
   0.09936153 
   0.09894777 
   0.09861618 
   0.09833110 
   0.09807890 
   0.09784786 
   0.09761617 
   0.09746870 
   0.09738246 
   0.09738132 
   0.09740996 
   0.09740392 
   0.09748111 
   0.09742116 
   0.09711202 
   0.09646552 
   0.09561981 
   0.09481778 
   0.09422234 
   0.09378685 
   0.09358784 
   0.09352459 
   0.09362298 
   0.09381589 
   0.09409362 
   0.09455283 
   0.09526332 
   0.09636044 
   0.09777250 
   0.09947534 
   0.10149728 
   0.10366273 
   0.10499174 
   0.10558807 
   0.10585509 
   0.10601311 
   0.10602866 
   0.10604990 
   0.10608204 
   0.10613387 
   0.10621986 
   0.10636143 
   0.10658245 
   0.10688812 
   0.10721437 
   0.10738134 
   0.10726330 
   0.10734014 
   0.10814179 
   0.10892089 
   0.10913306 
   0.10886891 
   0.10815112 
   0.10712488 
   0.10600956 
   0.10488179 
   0.10362806 
   0.10243650 
   0.10143085 
   0.10053375 
   0.09978040 
   0.09914137 
   0.09857417 
   0.09811402 
   0.09772800 
   0.09738092 
   0.09707907 
   0.09680418 
   0.09656086 
   0.09636846 
   0.09624230 
   0.09613792 
   0.09611460 
   0.09609971 
   0.09610250 
   0.09606148 
   0.09578929 
   0.09534664 
   0.09468844 
   0.09392464 
   0.09321819 
   0.09270088 
   0.09227304 
   0.09199867 
   0.09186997 
   0.09192877 
   0.09216441 
   0.09258036 
   0.09317872 
   0.09405503 
   0.09533394 
   0.09700804 
   0.09898058 
   0.10135139 
   0.10385168 
   0.10536532 
   0.10592344 
   0.10607053 
   0.10605887 
   0.10600993 
   0.10602200 
   0.10603898 
   0.10606506 
   0.10610679 
   0.10617375 
   0.10627814 
   0.10643090 
   0.10663330 
   0.10687336 
   0.10717174 
   0.10774692 
   0.10907934 
   0.10985102 
   0.10951382 
   0.10842062 
   0.10694807 
   0.10553663 
   0.10435121 
   0.10321288 
   0.10202776 
   0.10102084 
   0.10014369 
   0.09939864 
   0.09874023 
   0.09809950 
   0.09758516 
   0.09717629 
   0.09685115 
   0.09654316 
   0.09623460 
   0.09594965 
   0.09573270 
   0.09558948 
   0.09548930 
   0.09547446 
   0.09547477 
   0.09552717 
   0.09556940 
   0.09553791 
   0.09527388 
   0.09474096 
   0.09394430 
   0.09317344 
   0.09252003 
   0.09203127 
   0.09169455 
   0.09155793 
   0.09155164 
   0.09167580 
   0.09200334 
   0.09257176 
   0.09340614 
   0.09462376 
   0.09628289 
   0.09836790 
   0.10092437 
   0.10395259 
   0.10666778 
   0.10790292 
   0.10773898 
   0.10713488 
   0.10664679 
   0.10628854 
   0.10600749 
   0.10601667 
   0.10602967 
   0.10604951 
   0.10608054 
   0.10612863 
   0.10620082 
   0.10630427 
   0.10644692 
   0.10664827 
   0.10697186 
   0.10754272 
   0.10830023 
   0.10809303 
   0.10710116 
   0.10608880 
   0.10513027 
   0.10394774 
   0.10250459 
   0.10114475 
   0.10010328 
   0.09926130 
   0.09856627 
   0.09792284 
   0.09735982 
   0.09692045 
   0.09660254 
   0.09630874 
   0.09601764 
   0.09576212 
   0.09547036 
   0.09523339 
   0.09510572 
   0.09512598 
   0.09524438 
   0.09541342 
   0.09564532 
   0.09580944 
   0.09583161 
   0.09562901 
   0.09518819 
   0.09447892 
   0.09372664 
   0.09308194 
   0.09265795 
   0.09239922 
   0.09228860 
   0.09235532 
   0.09263958 
   0.09317547 
   0.09400907 
   0.09515076 
   0.09679625 
   0.09895039 
   0.10148344 
   0.10449704 
   0.10776729 
   0.11000405 
   0.11074358 
   0.11041013 
   0.10925567 
   0.10796882 
   0.10705659 
   0.10645310 
   0.10600550 
   0.10601221 
   0.10602161 
   0.10603563 
   0.10605688 
   0.10608859 
   0.10613452 
   0.10619881 
   0.10628720 
   0.10640987 
   0.10657654 
   0.10673819 
   0.10660124 
   0.10564693 
   0.10502159 
   0.10429770 
   0.10309682 
   0.10155014 
   0.10019350 
   0.09924576 
   0.09858427 
   0.09813031 
   0.09771853 
   0.09729226 
   0.09683008 
   0.09639653 
   0.09602185 
   0.09572960 
   0.09545379 
   0.09522551 
   0.09511269 
   0.09513423 
   0.09526252 
   0.09547193 
   0.09577340 
   0.09616850 
   0.09653352 
   0.09670697 
   0.09664119 
   0.09634945 
   0.09585033 
   0.09521556 
   0.09472383 
   0.09438414 
   0.09422939 
   0.09429316 
   0.09456631 
   0.09508692 
   0.09589470 
   0.09697797 
   0.09844648 
   0.10036398 
   0.10282120 
   0.10589740 
   0.10908671 
   0.11133681 
   0.11233932 
   0.11261843 
   0.11214342 
   0.11100761 
   0.10952582 
   0.10812182 
   0.10714414 
   0.10649160 
   0.10600384 
   0.10600847 
   0.10601476 
   0.10602377 
   0.10603674 
   0.10605492 
   0.10607917 
   0.10610934 
   0.10614258 
   0.10616823 
   0.10615073 
   0.10599278 
   0.10553799 
   0.10489904 
   0.10486022 
   0.10276463 
   0.10041006 
   0.09909072 
   0.09864271 
   0.09837370 
   0.09809158 
   0.09765224 
   0.09715544 
   0.09666752 
   0.09616421 
   0.09590176 
   0.09567347 
   0.09546254 
   0.09532314 
   0.09536923 
   0.09559303 
   0.09591453 
   0.09628940 
   0.09673113 
   0.09724176 
   0.09772597 
   0.09801492 
   0.09808810 
   0.09798391 
   0.09777197 
   0.09748297 
   0.09731694 
   0.09723496 
   0.09726812 
   0.09755033 
   0.09801463 
   0.09878901 
   0.09986980 
   0.10133308 
   0.10320138 
   0.10533327 
   0.10784134 
   0.11026835 
   0.11180269 
   0.11254551 
   0.11284918 
   0.11261638 
   0.11188747 
   0.11096382 
   0.10986666 
   0.10868206 
   0.10767240 
   0.10692550 
   0.10640343 
   0.10600250 
   0.10600541 
   0.10600914 
   0.10601409 
   0.10602044 
   0.10602788 
   0.10603483 
   0.10603698 
   0.10602400 
   0.10597247 
   0.10583254 
   0.10551322 
   0.10488665 
   0.10374934 
   0.10134960 
   0.09946182 
   0.09922910 
   0.09905163 
   0.09853743 
   0.09782551 
   0.09707921 
   0.09641727 
   0.09590552 
   0.09557071 
   0.09555890 
   0.09564239 
   0.09566863 
   0.09575173 
   0.09598753 
   0.09639995 
   0.09695575 
   0.09754644 
   0.09820776 
   0.09889008 
   0.09946334 
   0.09984000 
   0.10006545 
   0.10011950 
   0.10005532 
   0.10003170 
   0.10010946 
   0.10034022 
   0.10062916 
   0.10109653 
   0.10180276 
   0.10283548 
   0.10409476 
   0.10544228 
   0.10702321 
   0.10892517 
   0.11055735 
   0.11160057 
   0.11206323 
   0.11222753 
   0.11201587 
   0.11147586 
   0.11071747 
   0.10986097 
   0.10897763 
   0.10812778 
   0.10745274 
   0.10692481 
   0.10652193 
   0.10623006 
   0.10600143 
   0.10600299 
   0.10600475 
   0.10600658 
   0.10600795 
   0.10600743 
   0.10600177 
   0.10598409 
   0.10594055 
   0.10584465 
   0.10564939 
   0.10528082 
   0.10463787 
   0.10361844 
   0.10248854 
   0.10210701 
   0.10102740 
   0.09967110 
   0.09814743 
   0.09667154 
   0.09549792 
   0.09482515 
   0.09452803 
   0.09450392 
   0.09467273 
   0.09479941 
   0.09515575 
   0.09576423 
   0.09652069 
   0.09735517 
   0.09821623 
   0.09912048 
   0.09993254 
   0.10049794 
   0.10083805 
   0.10108408 
   0.10121269 
   0.10125384 
   0.10132428 
   0.10143925 
   0.10175404 
   0.10220589 
   0.10282376 
   0.10364456 
   0.10459352 
   0.10569732 
   0.10712671 
   0.10856919 
   0.10968965 
   0.11035854 
   0.11082166 
   0.11107948 
   0.11102654 
   0.11068119 
   0.11009696 
   0.10936621 
   0.10857842 
   0.10778387 
   0.10708764 
   0.10655744 
   0.10625070 
   0.10611286 
   0.10605031 
   0.10601866 
   0.10600062 
   0.10600118 
   0.10600148 
   0.10600108 
   0.10599900 
   0.10599316 
   0.10597947 
   0.10595015 
   0.10589104 
   0.10577781 
   0.10557204 
   0.10522097 
   0.10467191 
   0.10393589 
   0.10318717 
   0.10256609 
   0.10131758 
   0.09876048 
   0.09678953 
   0.09546789 
   0.09450887 
   0.09375709 
   0.09341803 
   0.09342880 
   0.09368115 
   0.09416358 
   0.09484440 
   0.09568123 
   0.09665550 
   0.09764924 
   0.09864086 
   0.09950465 
   0.10010312 
   0.10058952 
   0.10098894 
   0.10115610 
   0.10127291 
   0.10142338 
   0.10162432 
   0.10195979 
   0.10247823 
   0.10318709 
   0.10403700 
   0.10521607 
   0.10635487 
   0.10724349 
   0.10785527 
   0.10846737 
   0.10898725 
   0.10922982 
   0.10932278 
   0.10923352 
   0.10894057 
   0.10846720 
   0.10783914 
   0.10716732 
   0.10643761 
   0.10576284 
   0.10527959 
   0.10503862 
   0.10505870 
   0.10530875 
   0.10557422 
   0.10580132 
   0.10600005 
   0.10599989 
   0.10599920 
   0.10599736 
   0.10599313 
   0.10598419 
   0.10596627 
   0.10593175 
   0.10586762 
   0.10575289 
   0.10555629 
   0.10523659 
   0.10474924 
   0.10405416 
   0.10306719 
   0.10143657 
   0.09845702 
   0.09661165 
   0.09497032 
   0.09384488 
   0.09309191 
   0.09263871 
   0.09249641 
   0.09265249 
   0.09307814 
   0.09377483 
   0.09464309 
   0.09566261 
   0.09674955 
   0.09779084 
   0.09859696 
   0.09911397 
   0.09963682 
   0.10018845 
   0.10057856 
   0.10084757 
   0.10108131 
   0.10142900 
   0.10189647 
   0.10248770 
   0.10332154 
   0.10414216 
   0.10482113 
   0.10524489 
   0.10568135 
   0.10620836 
   0.10662707 
   0.10695055 
   0.10721777 
   0.10730174 
   0.10717894 
   0.10692642 
   0.10652529 
   0.10601569 
   0.10540761 
   0.10476185 
   0.10417920 
   0.10374789 
   0.10346795 
   0.10349270 
   0.10390275 
   0.10454798 
   0.10512691 
   0.10559633 
   0.10599966 
   0.10599905 
   0.10599775 
   0.10599507 
   0.10598972 
   0.10597938 
   0.10595997 
   0.10592447 
   0.10586130 
   0.10575210 
   0.10556917 
   0.10527246 
   0.10480401 
   0.10407005 
   0.10289608 
   0.10101529 
   0.09848346 
   0.09623422 
   0.09423940 
   0.09271396 
   0.09196650 
   0.09174595 
   0.09178108 
   0.09216121 
   0.09285088 
   0.09373431 
   0.09489038 
   0.09603368 
   0.09704427 
   0.09777868 
   0.09828361 
   0.09888129 
   0.09945820 
   0.09991695 
   0.10036454 
   0.10080541 
   0.10128222 
   0.10189392 
   0.10251531 
   0.10294406 
   0.10314032 
   0.10336266 
   0.10366608 
   0.10393208 
   0.10423216 
   0.10454540 
   0.10483554 
   0.10504532 
   0.10505445 
   0.10493398 
   0.10472224 
   0.10443217 
   0.10403899 
   0.10350627 
   0.10297631 
   0.10250664 
   0.10209780 
   0.10178969 
   0.10174353 
   0.10209439 
   0.10288455 
   0.10388495 
   0.10473292 
   0.10541374 
   0.10599943 
   0.10599855 
   0.10599695 
   0.10599390 
   0.10598816 
   0.10597758 
   0.10595841 
   0.10592439 
   0.10586522 
   0.10576442 
   0.10559608 
   0.10531963 
   0.10487053 
   0.10414463 
   0.10298684 
   0.10123669 
   0.09886624 
   0.09594853 
   0.09364926 
   0.09205727 
   0.09119285 
   0.09101841 
   0.09134798 
   0.09219174 
   0.09336707 
   0.09471243 
   0.09589338 
   0.09679409 
   0.09734531 
   0.09787690 
   0.09864571 
   0.09942055 
   0.10006181 
   0.10052687 
   0.10096646 
   0.10139393 
   0.10168065 
   0.10178034 
   0.10183701 
   0.10192679 
   0.10193158 
   0.10192759 
   0.10208369 
   0.10234242 
   0.10259565 
   0.10279527 
   0.10291596 
   0.10292293 
   0.10282954 
   0.10268469 
   0.10246812 
   0.10209496 
   0.10165881 
   0.10123767 
   0.10082150 
   0.10047830 
   0.10023112 
   0.10017756 
   0.10044454 
   0.10110181 
   0.10213701 
   0.10334968 
   0.10439821 
   0.10525423 
   0.10599931 
   0.10599832 
   0.10599661 
   0.10599352 
   0.10598789 
   0.10597779 
   0.10595991 
   0.10592872 
   0.10587514 
   0.10578439 
   0.10563271 
   0.10538191 
   0.10497140 
   0.10430873 
   0.10326772 
   0.10170964 
   0.09953296 
   0.09683982 
   0.09420749 
   0.09199994 
   0.09075399 
   0.09080995 
   0.09184276 
   0.09307610 
   0.09439453 
   0.09555851 
   0.09650443 
   0.09712230 
   0.09782293 
   0.09869093 
   0.09943199 
   0.10012786 
   0.10066545 
   0.10083556 
   0.10079124 
   0.10074540 
   0.10074795 
   0.10068077 
   0.10055594 
   0.10043582 
   0.10043612 
   0.10059491 
   0.10079076 
   0.10097905 
   0.10111568 
   0.10120384 
   0.10112785 
   0.10097667 
   0.10080377 
   0.10053373 
   0.10019408 
   0.09979874 
   0.09945943 
   0.09911940 
   0.09880911 
   0.09858338 
   0.09859522 
   0.09886326 
   0.09939278 
   0.10027984 
   0.10150185 
   0.10288782 
   0.10409597 
   0.10510702 
   0.10599928 
   0.10599828 
   0.10599661 
   0.10599367 
   0.10598845 
   0.10597926 
   0.10596324 
   0.10593560 
   0.10588851 
   0.10580913 
   0.10567671 
   0.10545818 
   0.10510213 
   0.10453261 
   0.10364630 
   0.10231768 
   0.10041755 
   0.09783777 
   0.09448572 
   0.09200722 
   0.09148891 
   0.09199891 
   0.09327309 
   0.09468841 
   0.09578009 
   0.09658362 
   0.09711935 
   0.09791203 
   0.09877617 
   0.09934176 
   0.09975712 
   0.09984382 
   0.09965738 
   0.09953656 
   0.09945050 
   0.09938439 
   0.09934760 
   0.09927980 
   0.09921761 
   0.09925197 
   0.09941910 
   0.09961933 
   0.09976008 
   0.09979341 
   0.09975035 
   0.09964824 
   0.09952830 
   0.09932836 
   0.09902057 
   0.09871710 
   0.09836699 
   0.09801429 
   0.09767930 
   0.09743503 
   0.09734008 
   0.09734486 
   0.09748972 
   0.09784569 
   0.09853061 
   0.09955725 
   0.10089990 
   0.10239711 
   0.10378006 
   0.10495679 
   0.10599930 
   0.10599835 
   0.10599681 
   0.10599415 
   0.10598951 
   0.10598145 
   0.10596754 
   0.10594380 
   0.10590362 
   0.10583635 
   0.10572484 
   0.10554223 
   0.10524768 
   0.10478205 
   0.10406504 
   0.10299678 
   0.10146944 
   0.09941287 
   0.09703432 
   0.09521076 
   0.09449155 
   0.09485726 
   0.09536053 
   0.09601483 
   0.09637695 
   0.09671598 
   0.09740835 
   0.09808318 
   0.09842722 
   0.09864033 
   0.09861338 
   0.09840223 
   0.09817500 
   0.09798955 
   0.09784387 
   0.09775778 
   0.09776115 
   0.09787784 
   0.09807270 
   0.09835589 
   0.09861487 
   0.09874442 
   0.09875442 
   0.09867912 
   0.09855917 
   0.09842540 
   0.09820704 
   0.09790473 
   0.09757711 
   0.09719028 
   0.09681486 
   0.09650984 
   0.09629492 
   0.09616283 
   0.09606449 
   0.09605434 
   0.09620401 
   0.09656921 
   0.09723392 
   0.09831823 
   0.09992325 
   0.10177789 
   0.10342880 
   0.10480063 
   0.10599936 
   0.10599850 
   0.10599713 
   0.10599481 
   0.10599082 
   0.10598396 
   0.10597224 
   0.10595241 
   0.10591915 
   0.10586393 
   0.10577328 
   0.10562650 
   0.10539285 
   0.10502892 
   0.10447764 
   0.10367260 
   0.10255813 
   0.10115306 
   0.09968255 
   0.09860842 
   0.09808253 
   0.09755568 
   0.09703234 
   0.09633716 
   0.09635309 
   0.09661347 
   0.09691866 
   0.09712623 
   0.09732856 
   0.09742010 
   0.09725809 
   0.09697571 
   0.09674239 
   0.09657443 
   0.09649310 
   0.09649369 
   0.09660179 
   0.09687212 
   0.09722882 
   0.09750242 
   0.09764031 
   0.09768179 
   0.09765335 
   0.09761230 
   0.09752416 
   0.09733525 
   0.09708892 
   0.09679293 
   0.09643519 
   0.09608316 
   0.09575321 
   0.09546204 
   0.09516309 
   0.09491490 
   0.09472863 
   0.09462982 
   0.09465300 
   0.09497362 
   0.09567966 
   0.09695629 
   0.09884475 
   0.10113930 
   0.10309865 
   0.10466205 
   0.10599944 
   0.10599869 
   0.10599751 
   0.10599555 
   0.10599220 
   0.10598652 
   0.10597691 
   0.10596079 
   0.10593402 
   0.10589003 
   0.10581866 
   0.10570460 
   0.10552571 
   0.10525173 
   0.10484468 
   0.10426447 
   0.10348589 
   0.10253371 
   0.10151766 
   0.10059196 
   0.09986625 
   0.09872740 
   0.09715416 
   0.09624618 
   0.09589237 
   0.09595494 
   0.09594133 
   0.09608677 
   0.09626173 
   0.09610788 
   0.09579774 
   0.09560857 
   0.09552878 
   0.09553158 
   0.09560468 
   0.09576076 
   0.09599749 
   0.09623976 
   0.09639332 
   0.09650220 
   0.09658068 
   0.09662876 
   0.09668012 
   0.09663714 
   0.09654395 
   0.09639869 
   0.09613057 
   0.09581192 
   0.09551494 
   0.09522687 
   0.09491452 
   0.09455798 
   0.09418516 
   0.09382851 
   0.09359614 
   0.09342706 
   0.09341731 
   0.09371550 
   0.09448080 
   0.09590233 
   0.09808590 
   0.10074570 
   0.10290323 
   0.10458080 
   0.10599952 
   0.10599888 
   0.10599790 
   0.10599628 
   0.10599355 
   0.10598895 
   0.10598126 
   0.10596848 
   0.10594748 
   0.10591335 
   0.10585864 
   0.10577236 
   0.10563896 
   0.10543767 
   0.10514303 
   0.10472816 
   0.10417162 
   0.10346417 
   0.10259749 
   0.10150685 
   0.09995113 
   0.09781317 
   0.09660077 
   0.09601839 
   0.09562063 
   0.09535145 
   0.09533362 
   0.09531825 
   0.09514945 
   0.09489116 
   0.09481754 
   0.09481398 
   0.09484033 
   0.09498230 
   0.09520869 
   0.09542512 
   0.09554210 
   0.09560654 
   0.09568322 
   0.09574318 
   0.09582423 
   0.09595022 
   0.09601419 
   0.09598009 
   0.09582352 
   0.09565494 
   0.09549221 
   0.09527541 
   0.09498113 
   0.09464602 
   0.09428138 
   0.09393707 
   0.09363634 
   0.09339996 
   0.09313868 
   0.09305651 
   0.09323075 
   0.09370469 
   0.09461278 
   0.09610782 
   0.09827100 
   0.10081057 
   0.10291576 
   0.10458030 
   0.10599960 
   0.10599908 
   0.10599827 
   0.10599696 
   0.10599478 
   0.10599114 
   0.10598511 
   0.10597520 
   0.10595907 
   0.10593315 
   0.10589207 
   0.10582801 
   0.10573005 
   0.10558355 
   0.10537002 
   0.10506731 
   0.10464899 
   0.10407802 
   0.10328620 
   0.10213598 
   0.10042262 
   0.09818632 
   0.09695801 
   0.09629868 
   0.09580748 
   0.09547546 
   0.09526502 
   0.09496618 
   0.09448748 
   0.09427236 
   0.09425702 
   0.09433253 
   0.09450407 
   0.09472787 
   0.09490322 
   0.09498248 
   0.09503172 
   0.09511679 
   0.09525666 
   0.09543668 
   0.09560607 
   0.09569464 
   0.09568223 
   0.09558994 
   0.09547308 
   0.09527454 
   0.09504592 
   0.09481476 
   0.09455380 
   0.09427111 
   0.09402111 
   0.09382924 
   0.09367017 
   0.09356465 
   0.09356711 
   0.09369699 
   0.09403984 
   0.09467552 
   0.09568867 
   0.09715776 
   0.09908195 
   0.10119598 
   0.10308722 
   0.10464553 
   0.10599967 
   0.10599925 
   0.10599861 
   0.10599757 
   0.10599586 
   0.10599304 
   0.10598840 
   0.10598084 
   0.10596867 
   0.10594929 
   0.10591885 
   0.10587178 
   0.10580020 
   0.10569332 
   0.10553656 
   0.10531010 
   0.10498558 
   0.10451887 
   0.10383960 
   0.10285296 
   0.10151679 
   0.10008782 
   0.09875946 
   0.09753009 
   0.09668279 
   0.09622909 
   0.09579177 
   0.09520614 
   0.09471576 
   0.09443176 
   0.09430816 
   0.09436720 
   0.09453706 
   0.09465221 
   0.09470428 
   0.09475382 
   0.09485255 
   0.09501814 
   0.09524243 
   0.09547237 
   0.09560061 
   0.09560407 
   0.09552461 
   0.09539850 
   0.09521621 
   0.09498249 
   0.09475719 
   0.09455338 
   0.09440212 
   0.09428899 
   0.09421946 
   0.09415736 
   0.09414089 
   0.09416754 
   0.09428606 
   0.09456236 
   0.09498001 
   0.09561952 
   0.09659891 
   0.09793698 
   0.09965221 
   0.10158907 
   0.10330633 
   0.10474001 
   0.10599974 
   0.10599940 
   0.10599890 
   0.10599809 
   0.10599677 
   0.10599461 
   0.10599109 
   0.10598541 
   0.10597634 
   0.10596199 
   0.10593960 
   0.10590511 
   0.10585270 
   0.10577408 
   0.10565744 
   0.10548564 
   0.10523317 
   0.10486220 
   0.10432092 
   0.10355552 
   0.10254807 
   0.10131871 
   0.09986029 
   0.09881630 
   0.09817292 
   0.09750183 
   0.09675069 
   0.09593148 
   0.09537147 
   0.09500471 
   0.09484294 
   0.09475551 
   0.09470522 
   0.09472366 
   0.09479661 
   0.09495850 
   0.09519041 
   0.09541815 
   0.09560593 
   0.09570004 
   0.09571483 
   0.09567828 
   0.09555288 
   0.09539183 
   0.09518950 
   0.09498091 
   0.09478610 
   0.09467208 
   0.09463927 
   0.09465075 
   0.09470661 
   0.09477324 
   0.09483821 
   0.09492843 
   0.09508531 
   0.09534743 
   0.09574378 
   0.09637275 
   0.09726652 
   0.09849335 
   0.10007690 
   0.10192305 
   0.10351808 
   0.10483870 
   0.10599979 
   0.10599953 
   0.10599914 
   0.10599852 
   0.10599752 
   0.10599589 
   0.10599325 
   0.10598902 
   0.10598230 
   0.10597173 
   0.10595527 
   0.10592994 
   0.10589132 
   0.10583296 
   0.10574536 
   0.10561450 
   0.10541986 
   0.10513270 
   0.10471692 
   0.10413542 
   0.10335835 
   0.10236139 
   0.10116868 
   0.10022818 
   0.09939010 
   0.09850631 
   0.09734563 
   0.09647746 
   0.09586348 
   0.09543205 
   0.09512866 
   0.09501836 
   0.09503603 
   0.09514888 
   0.09537700 
   0.09566247 
   0.09588009 
   0.09600750 
   0.09603561 
   0.09601165 
   0.09592006 
   0.09574166 
   0.09556486 
   0.09540531 
   0.09527095 
   0.09520067 
   0.09519100 
   0.09520890 
   0.09526456 
   0.09534538 
   0.09543364 
   0.09553287 
   0.09564911 
   0.09578773 
   0.09599432 
   0.09627661 
   0.09670337 
   0.09727265 
   0.09805631 
   0.09915294 
   0.10059184 
   0.10226371 
   0.10372439 
   0.10493537 
   0.10599984 
   0.10599964 
   0.10599934 
   0.10599887 
   0.10599811 
   0.10599689 
   0.10599492 
   0.10599179 
   0.10598683 
   0.10597904 
   0.10596691 
   0.10594819 
   0.10591948 
   0.10587574 
   0.10580942 
   0.10570941 
   0.10555975 
   0.10533873 
   0.10501958 
   0.10457370 
   0.10397822 
   0.10323775 
   0.10244280 
   0.10159505 
   0.10048487 
   0.09902270 
   0.09765615 
   0.09654444 
   0.09574318 
   0.09524779 
   0.09505532 
   0.09509925 
   0.09530686 
   0.09564142 
   0.09601725 
   0.09626388 
   0.09634843 
   0.09632954 
   0.09623272 
   0.09607376 
   0.09591891 
   0.09578466 
   0.09568877 
   0.09566090 
   0.09569131 
   0.09574770 
   0.09582938 
   0.09592865 
   0.09602431 
   0.09615443 
   0.09627355 
   0.09642786 
   0.09656818 
   0.09673482 
   0.09696345 
   0.09726130 
   0.09766098 
   0.09819240 
   0.09890185 
   0.09986856 
   0.10112858 
   0.10260749 
   0.10392866 
   0.10503083 
   0.10599988 
   0.10599972 
   0.10599950 
   0.10599914 
   0.10599857 
   0.10599766 
   0.10599621 
   0.10599389 
   0.10599021 
   0.10598445 
   0.10597545 
   0.10596147 
   0.10593989 
   0.10590671 
   0.10585592 
   0.10577862 
   0.10566199 
   0.10548840 
   0.10523509 
   0.10487549 
   0.10438441 
   0.10375156 
   0.10299151 
   0.10213878 
   0.10093821 
   0.09899879 
   0.09717421 
   0.09584087 
   0.09510114 
   0.09486198 
   0.09495415 
   0.09526493 
   0.09564846 
   0.09602145 
   0.09623719 
   0.09631689 
   0.09629154 
   0.09619174 
   0.09610076 
   0.09605127 
   0.09602929 
   0.09605711 
   0.09611620 
   0.09618991 
   0.09629904 
   0.09641782 
   0.09656805 
   0.09672349 
   0.09689831 
   0.09703884 
   0.09722874 
   0.09740521 
   0.09760988 
   0.09781629 
   0.09801906 
   0.09824729 
   0.09856670 
   0.09900072 
   0.09961229 
   0.10043871 
   0.10156451 
   0.10293080 
   0.10413318 
   0.10512814 
   0.10599991 
   0.10599979 
   0.10599962 
   0.10599935 
   0.10599893 
   0.10599825 
   0.10599717 
   0.10599545 
   0.10599272 
   0.10598841 
   0.10598166 
   0.10597110 
   0.10595464 
   0.10592906 
   0.10588945 
   0.10582838 
   0.10573482 
   0.10559277 
   0.10537948 
   0.10506322 
   0.10460014 
   0.10392709 
   0.10294286 
   0.10146754 
   0.09927086 
   0.09680357 
   0.09511707 
   0.09434694 
   0.09421258 
   0.09447948 
   0.09498650 
   0.09549536 
   0.09584508 
   0.09599673 
   0.09603239 
   0.09598115 
   0.09594441 
   0.09595032 
   0.09601756 
   0.09609991 
   0.09620385 
   0.09633217 
   0.09649686 
   0.09669582 
   0.09691605 
   0.09716803 
   0.09742330 
   0.09767818 
   0.09788768 
   0.09808870 
   0.09823948 
   0.09838659 
   0.09858365 
   0.09878305 
   0.09902040 
   0.09928570 
   0.09957360 
   0.09994568 
   0.10046009 
   0.10115363 
   0.10208398 
   0.10329094 
   0.10435562 
   0.10523333 
   0.10599993 
   0.10599984 
   0.10599971 
   0.10599951 
   0.10599920 
   0.10599869 
   0.10599789 
   0.10599660 
   0.10599455 
   0.10599130 
   0.10598617 
   0.10597807 
   0.10596530 
   0.10594520 
   0.10591360 
   0.10586401 
   0.10578637 
   0.10566507 
   0.10547575 
   0.10517983 
   0.10471440 
   0.10397282 
   0.10276929 
   0.10079374 
   0.09770783 
   0.09516090 
   0.09388099 
   0.09355228 
   0.09383157 
   0.09439599 
   0.09489866 
   0.09522079 
   0.09539790 
   0.09546423 
   0.09553572 
   0.09566494 
   0.09581328 
   0.09594037 
   0.09607031 
   0.09629494 
   0.09655501 
   0.09682282 
   0.09707966 
   0.09733668 
   0.09761625 
   0.09791496 
   0.09821850 
   0.09850211 
   0.09877370 
   0.09902464 
   0.09922069 
   0.09941137 
   0.09958273 
   0.09983559 
   0.10005055 
   0.10030507 
   0.10060482 
   0.10093579 
   0.10135344 
   0.10193428 
   0.10273582 
   0.10371426 
   0.10460862 
   0.10535112 
   0.10599995 
   0.10599988 
   0.10599978 
   0.10599964 
   0.10599940 
   0.10599902 
   0.10599842 
   0.10599744 
   0.10599589 
   0.10599341 
   0.10598945 
   0.10598314 
   0.10597306 
   0.10595695 
   0.10593122 
   0.10589004 
   0.10582406 
   0.10571807 
   0.10554718 
   0.10527014 
   0.10481828 
   0.10407897 
   0.10288120 
   0.10103519 
   0.09863196 
   0.09634405 
   0.09489121 
   0.09425911 
   0.09410785 
   0.09410880 
   0.09413819 
   0.09421045 
   0.09437871 
   0.09460216 
   0.09486401 
   0.09519410 
   0.09553633 
   0.09588940 
   0.09625952 
   0.09661303 
   0.09697961 
   0.09735178 
   0.09768807 
   0.09802603 
   0.09835153 
   0.09865560 
   0.09897378 
   0.09928995 
   0.09958572 
   0.09986116 
   0.10013415 
   0.10038728 
   0.10063670 
   0.10084253 
   0.10109559 
   0.10135247 
   0.10160582 
   0.10190742 
   0.10225258 
   0.10274428 
   0.10338914 
   0.10417876 
   0.10488994 
   0.10548075 
   0.10599996 
   0.10599991 
   0.10599984 
   0.10599973 
   0.10599955 
   0.10599926 
   0.10599881 
   0.10599807 
   0.10599688 
   0.10599496 
   0.10599187 
   0.10598687 
   0.10597880 
   0.10596573 
   0.10594450 
   0.10590997 
   0.10585362 
   0.10576140 
   0.10561008 
   0.10536152 
   0.10495462 
   0.10429747 
   0.10327188 
   0.10178303 
   0.09986461 
   0.09772306 
   0.09598716 
   0.09490237 
   0.09413858 
   0.09367214 
   0.09349607 
   0.09353240 
   0.09371577 
   0.09402469 
   0.09440086 
   0.09483521 
   0.09533901 
   0.09586883 
   0.09638355 
   0.09687301 
   0.09733095 
   0.09776598 
   0.09825865 
   0.09871609 
   0.09913195 
   0.09951878 
   0.09986274 
   0.10019311 
   0.10051355 
   0.10083019 
   0.10116717 
   0.10150301 
   0.10179273 
   0.10205610 
   0.10232787 
   0.10257320 
   0.10279529 
   0.10303908 
   0.10336532 
   0.10370886 
   0.10415643 
   0.10469147 
   0.10518654 
   0.10561333 
   0.10599997 
   0.10599993 
   0.10599988 
   0.10599979 
   0.10599966 
   0.10599944 
   0.10599909 
   0.10599853 
   0.10599760 
   0.10599611 
   0.10599366 
   0.10598968 
   0.10598317 
   0.10597251 
   0.10595499 
   0.10592617 
   0.10587867 
   0.10580036 
   0.10567149 
   0.10546063 
   0.10512002 
   0.10458302 
   0.10377048 
   0.10261305 
   0.10108053 
   0.09920169 
   0.09698148 
   0.09536816 
   0.09440190 
   0.09389016 
   0.09369826 
   0.09372626 
   0.09392735 
   0.09424544 
   0.09465149 
   0.09510929 
   0.09560839 
   0.09614250 
   0.09666512 
   0.09718191 
   0.09768595 
   0.09820802 
   0.09871619 
   0.09922041 
   0.09970374 
   0.10013538 
   0.10051973 
   0.10090858 
   0.10128269 
   0.10163893 
   0.10199374 
   0.10234912 
   0.10269457 
   0.10302093 
   0.10332538 
   0.10361828 
   0.10391062 
   0.10414593 
   0.10438840 
   0.10468027 
   0.10495343 
   0.10518417 
   0.10545197 
   0.10572782 
   0.10599998 
   0.10599995 
   0.10599991 
   0.10599984 
   0.10599974 
   0.10599958 
   0.10599931 
   0.10599887 
   0.10599815 
   0.10599697 
   0.10599504 
   0.10599185 
   0.10598661 
   0.10597794 
   0.10596363 
   0.10593998 
   0.10590093 
   0.10583667 
   0.10573166 
   0.10556204 
   0.10529314 
   0.10487865 
   0.10426375 
   0.10339305 
   0.10222052 
   0.10072109 
   0.09898886 
   0.09740639 
   0.09631019 
   0.09564722 
   0.09531817 
   0.09522332 
   0.09527769 
   0.09544682 
   0.09570909 
   0.09605282 
   0.09642398 
   0.09682175 
   0.09722592 
   0.09765347 
   0.09813480 
   0.09861992 
   0.09910613 
   0.09957537 
   0.10005863 
   0.10049710 
   0.10091769 
   0.10129116 
   0.10164329 
   0.10198363 
   0.10231078 
   0.10264772 
   0.10298978 
   0.10333469 
   0.10367809 
   0.10401614 
   0.10433069 
   0.10466922 
   0.10498105 
   0.10523439 
   0.10540641 
   0.10547314 
   0.10561022 
   0.10579784 
   0.10599998 
   0.10599996 
   0.10599993 
   0.10599988 
   0.10599980 
   0.10599968 
   0.10599947 
   0.10599913 
   0.10599857 
   0.10599764 
   0.10599611 
   0.10599357 
   0.10598938 
   0.10598243 
   0.10597095 
   0.10595199 
   0.10592085 
   0.10587003 
   0.10578801 
   0.10565768 
   0.10545506 
   0.10514887 
   0.10470205 
   0.10407581 
   0.10323826 
   0.10218826 
   0.10100888 
   0.09988956 
   0.09900365 
   0.09837870 
   0.09794975 
   0.09768013 
   0.09754996 
   0.09753940 
   0.09761036 
   0.09772570 
   0.09789216 
   0.09806842 
   0.09829818 
   0.09857827 
   0.09887314 
   0.09920675 
   0.09956873 
   0.09996674 
   0.10035466 
   0.10078757 
   0.10117083 
   0.10152642 
   0.10186270 
   0.10217402 
   0.10245348 
   0.10272216 
   0.10301463 
   0.10330397 
   0.10358310 
   0.10387323 
   0.10419964 
   0.10452038 
   0.10481816 
   0.10507758 
   0.10528839 
   0.10545253 
   0.10562916 
   0.10581452 
   0.10599999 
   0.10599997 
   0.10599995 
   0.10599991 
   0.10599985 
   0.10599975 
   0.10599959 
   0.10599933 
   0.10599889 
   0.10599816 
   0.10599696 
   0.10599496 
   0.10599166 
   0.10598619 
   0.10597718 
   0.10596240 
   0.10593834 
   0.10589955 
   0.10583789 
   0.10574165 
   0.10559487 
   0.10537731 
   0.10506558 
   0.10463660 
   0.10407558 
   0.10339215 
   0.10263959 
   0.10191030 
   0.10128801 
   0.10080177 
   0.10043698 
   0.10017494 
   0.09999934 
   0.09988188 
   0.09979799 
   0.09973129 
   0.09969341 
   0.09970680 
   0.09976016 
   0.09984897 
   0.09999240 
   0.10017805 
   0.10040888 
   0.10065475 
   0.10091633 
   0.10118959 
   0.10151948 
   0.10183894 
   0.10214556 
   0.10244013 
   0.10271063 
   0.10293748 
   0.10314577 
   0.10336776 
   0.10358076 
   0.10376713 
   0.10395787 
   0.10417635 
   0.10442643 
   0.10471110 
   0.10501520 
   0.10529777 
   0.10557081 
   0.10580031 
   0.10599999 
   0.10599998 
   0.10599996 
   0.10599993 
   0.10599989 
   0.10599981 
   0.10599969 
   0.10599948 
   0.10599914 
   0.10599858 
   0.10599764 
   0.10599610 
   0.10599354 
   0.10598933 
   0.10598244 
   0.10597124 
   0.10595322 
   0.10592458 
   0.10587980 
   0.10581117 
   0.10570852 
   0.10555937 
   0.10535008 
   0.10506855 
   0.10470964 
   0.10428304 
   0.10381896 
   0.10336250 
   0.10295478 
   0.10261606 
   0.10234662 
   0.10213794 
   0.10197738 
   0.10184826 
   0.10173579 
   0.10163308 
   0.10154310 
   0.10146500 
   0.10140457 
   0.10136088 
   0.10134365 
   0.10136697 
   0.10142883 
   0.10152214 
   0.10164814 
   0.10180280 
   0.10198758 
   0.10220954 
   0.10246928 
   0.10274503 
   0.10302544 
   0.10328741 
   0.10351705 
   0.10371253 
   0.10386362 
   0.10400082 
   0.10411566 
   0.10424216 
   0.10435294 
   0.10451049 
   0.10476209 
   0.10517751 
   0.10553773 
   0.10579351 
   0.10599999 
   0.10599998 
   0.10599997 
   0.10599995 
   0.10599991 
   0.10599986 
   0.10599976 
   0.10599961 
   0.10599935 
   0.10599891 
   0.10599820 
   0.10599702 
   0.10599509 
   0.10599193 
   0.10598680 
   0.10597855 
   0.10596546 
   0.10594497 
   0.10591346 
   0.10586605 
   0.10579652 
   0.10569755 
   0.10556167 
   0.10538309 
   0.10516066 
   0.10490128 
   0.10462122 
   0.10434275 
   0.10408645 
   0.10386457 
   0.10367997 
   0.10352909 
   0.10340462 
   0.10329743 
   0.10319950 
   0.10310642 
   0.10301698 
   0.10293110 
   0.10285060 
   0.10277753 
   0.10271551 
   0.10266442 
   0.10262158 
   0.10260610 
   0.10260501 
   0.10262723 
   0.10267932 
   0.10277162 
   0.10289699 
   0.10305918 
   0.10327092 
   0.10350666 
   0.10375036 
   0.10395309 
   0.10413941 
   0.10431395 
   0.10447749 
   0.10462165 
   0.10476396 
   0.10490361 
   0.10508190 
   0.10533759 
   0.10560081 
   0.10581671 
   0.10599999 
   0.10599999 
   0.10599998 
   0.10599996 
   0.10599994 
   0.10599989 
   0.10599982 
   0.10599970 
   0.10599951 
   0.10599919 
   0.10599865 
   0.10599778 
   0.10599635 
   0.10599404 
   0.10599033 
   0.10598444 
   0.10597521 
   0.10596099 
   0.10593949 
   0.10590772 
   0.10586200 
   0.10579824 
   0.10571254 
   0.10560229 
   0.10546766 
   0.10531292 
   0.10514665 
   0.10497997 
   0.10482330 
   0.10468354 
   0.10456309 
   0.10446065 
   0.10437247 
   0.10429377 
   0.10422019 
   0.10414882 
   0.10407825 
   0.10400817 
   0.10393920 
   0.10387230 
   0.10380818 
   0.10374658 
   0.10368947 
   0.10364190 
   0.10360307 
   0.10357186 
   0.10354335 
   0.10353647 
   0.10356231 
   0.10362014 
   0.10370358 
   0.10383547 
   0.10396722 
   0.10411657 
   0.10428067 
   0.10446998 
   0.10466650 
   0.10484694 
   0.10504818 
   0.10523950 
   0.10542385 
   0.10555685 
   0.10570539 
   0.10585772 
   0.10600000 
   0.10599999 
   0.10599998 
   0.10599997 
   0.10599995 
   0.10599992 
   0.10599987 
   0.10599978 
   0.10599964 
   0.10599941 
   0.10599902 
   0.10599840 
   0.10599738 
   0.10599575 
   0.10599315 
   0.10598908 
   0.10598280 
   0.10597325 
   0.10595905 
   0.10593842 
   0.10590928 
   0.10586939 
   0.10581681 
   0.10575041 
   0.10567062 
   0.10557993 
   0.10548280 
   0.10538482 
   0.10529127 
   0.10520589 
   0.10513026 
   0.10506397 
   0.10500525 
   0.10495163 
   0.10490076 
   0.10485087 
   0.10480093 
   0.10475056 
   0.10469982 
   0.10464898 
   0.10459818 
   0.10454770 
   0.10449871 
   0.10445273 
   0.10440965 
   0.10436813 
   0.10432923 
   0.10430120 
   0.10429111 
   0.10429863 
   0.10431878 
   0.10433955 
   0.10437852 
   0.10444741 
   0.10454449 
   0.10465996 
   0.10482175 
   0.10500553 
   0.10516497 
   0.10532170 
   0.10549801 
   0.10565351 
   0.10578259 
   0.10589513 
   0.10600000 
   0.10599999 
   0.10599999 
   0.10599998 
   0.10599997 
   0.10599995 
   0.10599991 
   0.10599985 
   0.10599975 
   0.10599959 
   0.10599933 
   0.10599890 
   0.10599821 
   0.10599711 
   0.10599539 
   0.10599271 
   0.10598862 
   0.10598250 
   0.10597352 
   0.10596069 
   0.10594284 
   0.10591882 
   0.10588767 
   0.10584894 
   0.10580299 
   0.10575119 
   0.10569584 
   0.10563973 
   0.10558553 
   0.10553520 
   0.10548965 
   0.10544883 
   0.10541191 
   0.10537765 
   0.10534483 
   0.10531243 
   0.10527979 
   0.10524657 
   0.10521269 
   0.10517815 
   0.10514302 
   0.10510754 
   0.10507218 
   0.10503742 
   0.10500320 
   0.10496944 
   0.10493757 
   0.10491116 
   0.10489312 
   0.10488307 
   0.10487748 
   0.10487519 
   0.10488465 
   0.10491339 
   0.10496014 
   0.10501837 
   0.10507693 
   0.10516205 
   0.10528069 
   0.10543530 
   0.10559167 
   0.10573248 
   0.10583911 
   0.10592438 
   0.10600000 
   0.10600000 
   0.10599999 
   0.10599999 
   0.10599998 
   0.10599997 
   0.10599994 
   0.10599991 
   0.10599984 
   0.10599974 
   0.10599958 
   0.10599931 
   0.10599889 
   0.10599822 
   0.10599717 
   0.10599556 
   0.10599313 
   0.10598953 
   0.10598431 
   0.10597694 
   0.10596683 
   0.10595339 
   0.10593620 
   0.10591506 
   0.10589022 
   0.10586240 
   0.10583270 
   0.10580249 
   0.10577306 
   0.10574537 
   0.10571994 
   0.10569678 
   0.10567551 
   0.10565557 
   0.10563634 
   0.10561727 
   0.10559799 
   0.10557826 
   0.10555800 
   0.10553716 
   0.10551577 
   0.10549394 
   0.10547186 
   0.10544967 
   0.10542743 
   0.10540536 
   0.10538434 
   0.10536584 
   0.10535093 
   0.10533937 
   0.10533020 
   0.10532417 
   0.10532487 
   0.10533535 
   0.10535476 
   0.10537917 
   0.10540878 
   0.10545557 
   0.10552886 
   0.10562510 
   0.10572714 
   0.10581906 
   0.10589234 
   0.10595006 
   0.10600000 
   0.10600000 
   0.10600000 
   0.10599999 
   0.10599999 
   0.10599998 
   0.10599997 
   0.10599995 
   0.10599992 
   0.10599988 
   0.10599980 
   0.10599967 
   0.10599947 
   0.10599915 
   0.10599866 
   0.10599791 
   0.10599678 
   0.10599512 
   0.10599273 
   0.10598939 
   0.10598484 
   0.10597885 
   0.10597125 
   0.10596197 
   0.10595114 
   0.10593904 
   0.10592614 
   0.10591299 
   0.10590011 
   0.10588790 
   0.10587658 
   0.10586616 
   0.10585652 
   0.10584741 
   0.10583859 
   0.10582983 
   0.10582095 
   0.10581184 
   0.10580245 
   0.10579275 
   0.10578274 
   0.10577248 
   0.10576201 
   0.10575139 
   0.10574066 
   0.10573000 
   0.10571977 
   0.10571051 
   0.10570255 
   0.10569585 
   0.10569029 
   0.10568643 
   0.10568554 
   0.10568859 
   0.10569520 
   0.10570445 
   0.10571765 
   0.10573943 
   0.10577347 
   0.10581794 
   0.10586588 
   0.10590993 
   0.10594613 
   0.10597506 
